0.000 
0.998 
0.136 
-0.979 
-0.269 
0.943 
0.397 
-0.889 
-0.517 
0.819 
0.628 
-0.733 
-0.728 
0.634 
0.814 
-0.524 
-0.885 
0.404 
0.940 
-0.276 
-0.978 
0.143 
0.997 
-0.008 
-0.998 
-0.128 
0.981 
0.261 
-0.945 
-0.389 
0.892 
0.511 
-0.823 
-0.622 
0.739 
0.723 
-0.640 
-0.810 
0.530 
0.882 
-0.411 
-0.938 
0.283 
0.976 
-0.151 
-0.997 
0.015 
0.999 
0.120 
-0.982 
-0.254 
0.948 
0.382 
-0.896 
-0.504 
0.827 
0.616 
-0.744 
-0.717 
0.646 
0.805 
-0.537 
-0.878 
0.418 
0.935 
-0.291 
-0.974 
0.158 
0.996 
-0.023 
-0.999 
-0.113 
0.984 
0.246 
-0.950 
-0.375 
0.899 
0.497 
-0.832 
-0.610 
0.749 
0.712 
-0.652 
-0.801 
0.543 
0.874 
-0.425 
-0.932 
0.298 
0.973 
-0.166 
-0.995 
0.031 
0.999 
0.105 
-0.985 
-0.239 
0.953 
0.368 
-0.903 
-0.491 
0.836 
0.604 
-0.754 
-0.707 
0.658 
0.796 
-0.550 
-0.871 
0.432 
0.929 
-0.305 
-0.971 
0.174 
0.994 
-0.038 
-1.000 
-0.097 
0.986 
0.231 
-0.955 
-0.361 
0.906 
0.484 
-0.840 
-0.598 
0.759 
0.701 
-0.664 
-0.791 
0.556 
0.867 
-0.438 
-0.926 
0.313 
0.969 
-0.181 
-0.993 
0.046 
1.000 
0.090 
-0.988 
-0.224 
0.957 
0.354 
-0.909 
-0.477 
0.844 
0.592 
-0.764 
-0.696 
0.669 
0.787 
-0.563 
-0.863 
0.445 
0.924 
-0.320 
-0.967 
0.189 
0.993 
-0.054 
-1.000 
-0.082 
0.989 
0.216 
-0.959 
-0.347 
0.912 
0.470 
-0.848 
-0.586 
0.769 
0.690 
-0.675 
-0.782 
0.569 
0.859 
-0.452 
-0.921 
0.327 
0.965 
-0.196 
-0.992 
0.062 
1.000 
0.074 
-0.990 
-0.209 
0.962 
0.339 
-0.915 
-0.464 
0.852 
0.579 
-0.774 
-0.685 
0.681 
0.777 
-0.575 
-0.855 
0.459 
0.917 
-0.335 
-0.963 
0.204 
0.991 
-0.069 
-1.000 
-0.067 
0.991 
0.201 
-0.964 
-0.332 
0.919 
0.457 
-0.856 
-0.573 
0.779 
0.679 
-0.686 
-0.772 
0.582 
0.851 
-0.466 
-0.914 
0.342 
0.961 
-0.211 
-0.990 
0.077 
1.000 
0.059 
-0.992 
-0.194 
0.966 
0.325 
-0.922 
-0.450 
0.860 
0.567 
-0.783 
-0.673 
0.692 
0.767 
-0.588 
-0.847 
0.473 
0.911 
-0.349 
-0.959 
0.219 
0.988 
-0.085 
-1.000 
-0.051 
0.993 
0.186 
-0.968 
-0.318 
0.924 
0.443 
-0.864 
-0.560 
0.788 
0.668 
-0.698 
-0.762 
0.594 
0.843 
-0.480 
-0.908 
0.356 
0.956 
-0.226 
-0.987 
0.092 
1.000 
0.044 
-0.994 
-0.179 
0.970 
0.310 
-0.927 
-0.436 
0.868 
0.554 
-0.793 
-0.662 
0.703 
0.757 
-0.600 
-0.839 
0.486 
0.905 
-0.363 
-0.954 
0.234 
0.986 
-0.100 
-0.999 
-0.036 
0.995 
0.171 
-0.971 
-0.303 
0.930 
0.429 
-0.872 
-0.548 
0.798 
0.656 
-0.708 
-0.752 
0.606 
0.835 
-0.493 
-0.902 
0.371 
0.952 
-0.241 
-0.985 
0.108 
0.999 
0.028 
-0.995 
-0.163 
0.973 
0.296 
-0.933 
-0.422 
0.876 
0.541 
-0.802 
-0.650 
0.714 
0.747 
-0.612 
-0.830 
0.500 
0.898 
-0.378 
-0.949 
0.249 
0.983 
-0.115 
-0.999 
-0.021 
0.996 
0.156 
-0.975 
-0.288 
0.936 
0.415 
-0.879 
-0.535 
0.807 
0.644 
-0.719 
-0.742 
0.618 
0.826 
-0.506 
-0.895 
0.385 
0.947 
-0.256 
-0.982 
0.123 
0.998 
0.013 
-0.997 
-0.148 
0.977 
0.281 
-0.938 
-0.408 
0.883 
0.528 
-0.811 
-0.638 
0.725 
0.737 
-0.624 
-0.822 
0.513 
0.891 
-0.392 
-0.945 
0.264 
0.980 
-0.130 
-0.998 
-0.005 
0.997 
0.141 
-0.978 
-0.273 
0.941 
0.401 
-0.887 
-0.522 
0.816 
0.632 
-0.730 
-0.732 
0.630 
0.817 
-0.519 
-0.888 
0.399 
0.942 
-0.271 
-0.979 
0.138 
0.998 
-0.003 
-0.998 
-0.133 
0.980 
0.266 
-0.944 
-0.394 
0.890 
0.515 
-0.820 
-0.626 
0.735 
0.726 
-0.636 
-0.813 
0.526 
0.884 
-0.406 
-0.939 
0.278 
0.977 
-0.146 
-0.997 
0.010 
0.998 
0.125 
-0.981 
-0.259 
0.946 
0.387 
-0.894 
-0.508 
0.825 
0.620 
-0.740 
-0.721 
0.642 
0.808 
-0.533 
-0.881 
0.413 
0.937 
-0.286 
-0.975 
0.153 
0.996 
-0.018 
-0.999 
-0.118 
0.983 
0.251 
-0.949 
-0.380 
0.897 
0.502 
-0.829 
-0.614 
0.745 
0.716 
-0.648 
-0.804 
0.539 
0.877 
-0.420 
-0.934 
0.293 
0.974 
-0.161 
-0.996 
0.026 
0.999 
0.110 
-0.984 
-0.244 
0.951 
0.373 
-0.900 
-0.495 
0.833 
0.608 
-0.751 
-0.710 
0.654 
0.799 
-0.546 
-0.873 
0.427 
0.931 
-0.300 
-0.972 
0.168 
0.995 
-0.033 
-0.999 
-0.102 
0.985 
0.236 
-0.953 
-0.366 
0.904 
0.488 
-0.837 
-0.602 
0.756 
0.705 
-0.660 
-0.794 
0.552 
0.869 
-0.434 
-0.928 
0.308 
0.970 
-0.176 
-0.994 
0.041 
1.000 
0.095 
-0.987 
-0.229 
0.956 
0.359 
-0.907 
-0.482 
0.842 
0.596 
-0.761 
-0.699 
0.666 
0.790 
-0.558 
-0.866 
0.441 
0.925 
-0.315 
-0.968 
0.184 
0.993 
-0.049 
-1.000 
-0.087 
0.988 
0.221 
-0.958 
-0.351 
0.910 
0.475 
-0.846 
-0.590 
0.766 
0.694 
-0.671 
-0.785 
0.565 
0.862 
-0.448 
-0.923 
0.322 
0.966 
-0.191 
-0.992 
0.056 
1.000 
0.079 
-0.989 
-0.214 
0.960 
0.344 
-0.913 
-0.468 
0.850 
0.584 
-0.771 
-0.688 
0.677 
0.780 
-0.571 
-0.858 
0.455 
0.920 
-0.330 
-0.964 
0.199 
0.991 
-0.064 
-1.000 
-0.072 
0.990 
0.206 
-0.962 
-0.337 
0.916 
0.461 
-0.854 
-0.577 
0.775 
0.683 
-0.683 
-0.775 
0.577 
0.854 
-0.461 
-0.916 
0.337 
0.962 
-0.206 
-0.990 
0.072 
1.000 
0.064 
-0.991 
-0.199 
0.964 
0.330 
-0.920 
-0.455 
0.858 
0.571 
-0.780 
-0.677 
0.688 
0.771 
-0.584 
-0.850 
0.468 
0.913 
-0.344 
-0.960 
0.214 
0.989 
-0.079 
-1.000 
-0.056 
0.992 
0.191 
-0.966 
-0.322 
0.923 
0.448 
-0.862 
-0.565 
0.785 
0.671 
-0.694 
-0.766 
0.590 
0.846 
-0.475 
-0.910 
0.351 
0.958 
-0.221 
-0.988 
0.087 
1.000 
0.049 
-0.993 
-0.184 
0.968 
0.315 
-0.925 
-0.441 
0.866 
0.558 
-0.790 
-0.666 
0.699 
0.761 
-0.596 
-0.842 
0.482 
0.907 
-0.359 
-0.956 
0.229 
0.987 
-0.095 
-1.000 
-0.041 
0.994 
0.176 
-0.970 
-0.308 
0.928 
0.434 
-0.869 
-0.552 
0.794 
0.660 
-0.705 
-0.756 
0.602 
0.837 
-0.488 
-0.904 
0.366 
0.953 
-0.236 
-0.985 
0.102 
0.999 
0.033 
-0.995 
-0.168 
0.972 
0.300 
-0.931 
-0.427 
0.873 
0.546 
-0.799 
-0.654 
0.710 
0.751 
-0.608 
-0.833 
0.495 
0.900 
-0.373 
-0.951 
0.244 
0.984 
-0.110 
-0.999 
-0.026 
0.996 
0.161 
-0.974 
-0.293 
0.934 
0.420 
-0.877 
-0.539 
0.804 
0.648 
-0.716 
-0.745 
0.614 
0.829 
-0.502 
-0.897 
0.380 
0.949 
-0.251 
-0.983 
0.118 
0.999 
0.018 
-0.996 
-0.153 
0.975 
0.286 
-0.937 
-0.413 
0.881 
0.533 
-0.808 
-0.642 
0.721 
0.740 
-0.620 
-0.825 
0.508 
0.894 
-0.387 
-0.946 
0.259 
0.981 
-0.125 
-0.998 
-0.010 
0.997 
0.146 
-0.977 
-0.278 
0.939 
0.406 
-0.884 
-0.526 
0.813 
0.636 
-0.726 
-0.735 
0.626 
0.820 
-0.515 
-0.890 
0.394 
0.944 
-0.266 
-0.980 
0.133 
0.998 
0.003 
-0.998 
-0.138 
0.979 
0.271 
-0.942 
-0.399 
0.888 
0.519 
-0.817 
-0.630 
0.732 
0.730 
-0.632 
-0.816 
0.522 
0.887 
-0.401 
-0.941 
0.273 
0.978 
-0.141 
-0.997 
0.005 
0.998 
0.130 
-0.980 
-0.264 
0.945 
0.392 
-0.891 
-0.513 
0.822 
0.624 
-0.737 
-0.725 
0.638 
0.811 
-0.528 
-0.883 
0.408 
0.938 
-0.281 
-0.977 
0.148 
0.997 
-0.013 
-0.998 
-0.123 
0.982 
0.256 
-0.947 
-0.385 
0.895 
0.506 
-0.826 
-0.618 
0.742 
0.719 
-0.644 
-0.807 
0.535 
0.879 
-0.415 
-0.936 
0.288 
0.975 
-0.156 
-0.996 
0.021 
0.999 
0.115 
-0.983 
-0.249 
0.949 
0.378 
-0.898 
-0.500 
0.830 
0.612 
-0.747 
-0.714 
0.650 
0.802 
-0.541 
-0.876 
0.422 
0.933 
-0.296 
-0.973 
0.163 
0.995 
-0.028 
-0.999 
-0.108 
0.985 
0.241 
-0.952 
-0.371 
0.902 
0.493 
-0.835 
-0.606 
0.752 
0.708 
-0.656 
-0.798 
0.548 
0.872 
-0.429 
-0.930 
0.303 
0.971 
-0.171 
-0.995 
0.036 
0.999 
0.100 
-0.986 
-0.234 
0.954 
0.363 
-0.905 
-0.486 
0.839 
0.600 
-0.757 
-0.703 
0.662 
0.793 
-0.554 
-0.868 
0.436 
0.927 
-0.310 
-0.970 
0.179 
0.994 
-0.044 
-1.000 
-0.092 
0.987 
0.226 
-0.956 
-0.356 
0.908 
0.480 
-0.843 
-0.594 
0.762 
0.698 
-0.668 
-0.788 
0.560 
0.864 
-0.443 
-0.924 
0.318 
0.968 
-0.186 
-0.993 
0.051 
1.000 
0.085 
-0.988 
-0.219 
0.959 
0.349 
-0.911 
-0.473 
0.847 
0.588 
-0.767 
-0.692 
0.673 
0.783 
-0.567 
-0.860 
0.450 
0.922 
-0.325 
-0.966 
0.194 
0.992 
-0.059 
-1.000 
-0.077 
0.990 
0.211 
-0.961 
-0.342 
0.914 
0.466 
-0.851 
-0.582 
0.772 
0.686 
-0.679 
-0.779 
0.573 
0.856 
-0.457 
-0.919 
0.332 
0.964 
-0.201 
-0.991 
0.067 
1.000 
0.069 
-0.991 
-0.204 
0.963 
0.335 
-0.917 
-0.459 
0.855 
0.575 
-0.777 
-0.681 
0.685 
0.774 
-0.579 
-0.852 
0.464 
0.915 
-0.339 
-0.962 
0.209 
0.990 
-0.074 
-1.000 
-0.062 
0.992 
0.196 
-0.965 
-0.327 
0.921 
0.452 
-0.859 
-0.569 
0.782 
0.675 
-0.690 
-0.769 
0.586 
0.848 
-0.470 
-0.912 
0.347 
0.959 
-0.216 
-0.989 
0.082 
1.000 
0.054 
-0.993 
-0.189 
0.967 
0.320 
-0.924 
-0.445 
0.863 
0.563 
-0.787 
-0.669 
0.696 
0.764 
-0.592 
-0.844 
0.477 
0.909 
-0.354 
-0.957 
0.224 
0.988 
-0.090 
-1.000 
-0.046 
0.993 
0.181 
-0.969 
-0.313 
0.926 
0.438 
-0.867 
-0.556 
0.791 
0.664 
-0.701 
-0.759 
0.598 
0.840 
-0.484 
-0.906 
0.361 
0.955 
-0.231 
-0.986 
0.097 
1.000 
0.038 
-0.994 
-0.174 
0.971 
0.305 
-0.929 
-0.432 
0.871 
0.550 
-0.796 
-0.658 
0.707 
0.754 
-0.604 
-0.836 
0.491 
0.903 
-0.368 
-0.953 
0.239 
0.985 
-0.105 
-0.999 
-0.031 
0.995 
0.166 
-0.973 
-0.298 
0.932 
0.425 
-0.874 
-0.543 
0.801 
0.652 
-0.712 
-0.749 
0.610 
0.832 
-0.497 
-0.899 
0.375 
0.950 
-0.246 
-0.984 
0.113 
0.999 
0.023 
-0.996 
-0.158 
0.974 
0.291 
-0.935 
-0.418 
0.878 
0.537 
-0.805 
-0.646 
0.717 
0.744 
-0.616 
-0.827 
0.504 
0.896 
-0.382 
-0.948 
0.254 
0.982 
-0.120 
-0.999 
-0.015 
0.997 
0.151 
-0.976 
-0.283 
0.938 
0.411 
-0.882 
-0.530 
0.810 
0.640 
-0.723 
-0.739 
0.622 
0.823 
-0.511 
-0.892 
0.389 
0.945 
-0.261 
-0.981 
0.128 
0.998 
0.008 
-0.997 
-0.143 
0.978 
0.276 
-0.940 
-0.404 
0.885 
0.524 
-0.814 
-0.634 
0.728 
0.733 
-0.628 
-0.819 
0.517 
0.889 
-0.397 
-0.943 
0.269 
0.979 
-0.136 
-0.998 
0.000 
0.998 
0.136 
-0.979 
-0.269 
0.943 
0.397 
-0.889 
-0.517 
0.819 
0.628 
-0.733 
-0.728 
0.634 
0.814 
-0.524 
-0.885 
0.404 
0.940 
-0.276 
-0.978 
0.143 
0.997 
-0.008 
-0.998 
-0.128 
0.981 
0.261 
-0.945 
-0.389 
0.892 
0.511 
-0.823 
-0.622 
0.739 
0.723 
-0.640 
-0.810 
0.530 
0.882 
-0.411 
-0.938 
0.283 
0.976 
-0.151 
-0.997 
0.015 
0.999 
0.120 
-0.982 
-0.254 
0.948 
0.382 
-0.896 
-0.504 
0.827 
0.616 
-0.744 
-0.717 
0.646 
0.805 
-0.537 
-0.878 
0.418 
0.935 
-0.291 
-0.974 
0.158 
0.996 
-0.023 
-0.999 
-0.113 
0.984 
0.246 
-0.950 
-0.375 
0.899 
0.497 
-0.832 
-0.610 
0.749 
0.712 
-0.652 
-0.801 
0.543 
0.874 
-0.425 
-0.932 
0.298 
0.973 
-0.166 
-0.995 
0.031 
0.999 
0.105 
-0.985 
-0.239 
0.953 
0.368 
-0.903 
-0.491 
0.836 
0.604 
-0.754 
-0.707 
0.658 
0.796 
-0.550 
-0.871 
0.432 
0.929 
-0.305 
-0.971 
0.174 
0.994 
-0.038 
-1.000 
-0.097 
0.986 
0.231 
-0.955 
-0.361 
0.906 
0.484 
-0.840 
-0.598 
0.759 
0.701 
-0.664 
-0.791 
0.556 
0.867 
-0.438 
-0.926 
0.313 
0.969 
-0.181 
-0.993 
0.046 
1.000 
0.090 
-0.988 
-0.224 
0.957 
0.354 
-0.909 
-0.477 
0.844 
0.592 
-0.764 
-0.696 
0.669 
0.787 
-0.563 
-0.863 
0.445 
0.924 
-0.320 
-0.967 
0.189 
0.993 
-0.054 
-1.000 
-0.082 
0.989 
0.216 
-0.959 
-0.347 
0.912 
0.470 
-0.848 
-0.586 
0.769 
0.690 
-0.675 
-0.782 
0.569 
0.859 
-0.452 
-0.921 
0.327 
0.965 
-0.196 
-0.992 
0.062 
1.000 
0.074 
-0.990 
-0.209 
0.962 
0.339 
-0.915 
-0.464 
0.852 
0.579 
-0.774 
-0.685 
0.681 
0.777 
-0.575 
-0.855 
0.459 
0.917 
-0.335 
-0.963 
0.204 
0.991 
-0.069 
-1.000 
-0.067 
0.991 
0.201 
-0.964 
-0.332 
0.919 
0.457 
-0.856 
-0.573 
0.779 
0.679 
-0.686 
-0.772 
0.582 
0.851 
-0.466 
-0.914 
0.342 
0.961 
-0.211 
-0.990 
0.077 
1.000 
0.059 
-0.992 
-0.194 
0.966 
0.325 
-0.922 
-0.450 
0.860 
0.567 
-0.783 
-0.673 
0.692 
0.767 
-0.588 
-0.847 
0.473 
0.911 
-0.349 
-0.959 
0.219 
0.988 
-0.085 
-1.000 
-0.051 
0.993 
0.186 
-0.968 
-0.318 
0.924 
0.443 
-0.864 
-0.560 
0.788 
0.668 
-0.698 
-0.762 
0.594 
0.843 
-0.480 
-0.908 
0.356 
0.956 
-0.226 
-0.987 
0.092 
1.000 
0.044 
-0.994 
-0.179 
0.970 
0.310 
-0.927 
-0.436 
0.868 
0.554 
-0.793 
-0.662 
0.703 
0.757 
-0.600 
-0.839 
0.486 
0.905 
-0.363 
-0.954 
0.234 
0.986 
-0.100 
-0.999 
-0.036 
0.995 
0.171 
-0.971 
-0.303 
0.930 
0.429 
-0.872 
-0.548 
0.798 
0.656 
-0.708 
-0.752 
0.606 
0.835 
-0.493 
-0.902 
0.371 
0.952 
-0.241 
-0.985 
0.108 
0.999 
0.028 
-0.995 
-0.163 
0.973 
0.296 
-0.933 
-0.422 
0.876 
0.541 
-0.802 
-0.650 
0.714 
0.747 
-0.612 
-0.830 
0.500 
0.898 
-0.378 
-0.949 
0.249 
0.983 
-0.115 
-0.999 
-0.021 
0.996 
0.156 
-0.975 
-0.288 
0.936 
0.415 
-0.879 
-0.535 
0.807 
0.644 
-0.719 
-0.742 
0.618 
0.826 
-0.506 
-0.895 
0.385 
0.947 
-0.256 
-0.982 
0.123 
0.998 
0.013 
-0.997 
-0.148 
0.977 
0.281 
-0.938 
-0.408 
0.883 
0.528 
-0.811 
-0.638 
0.725 
0.737 
-0.624 
-0.822 
0.513 
0.891 
-0.392 
-0.945 
0.264 
0.980 
-0.130 
-0.998 
-0.005 
0.997 
0.141 
-0.978 
-0.273 
0.941 
0.401 
-0.887 
-0.522 
0.816 
0.632 
-0.730 
-0.732 
0.630 
0.817 
-0.519 
-0.888 
0.399 
0.942 
-0.271 
-0.979 
0.138 
0.998 
-0.003 
-0.998 
-0.133 
0.980 
0.266 
-0.944 
-0.394 
0.890 
0.515 
-0.820 
-0.626 
0.735 
0.726 
-0.636 
-0.813 
0.526 
0.884 
-0.406 
-0.939 
0.278 
0.977 
-0.146 
-0.997 
0.010 
0.998 
0.125 
-0.981 
-0.259 
0.946 
0.387 
-0.894 
-0.508 
0.825 
0.620 
-0.740 
-0.721 
0.642 
0.808 
-0.533 
-0.881 
0.413 
0.937 
-0.286 
-0.975 
0.153 
0.996 
-0.018 
-0.999 
-0.118 
0.983 
0.251 
-0.949 
-0.380 
0.897 
0.502 
-0.829 
-0.614 
0.745 
0.716 
-0.648 
-0.804 
0.539 
0.877 
-0.420 
-0.934 
0.293 
0.974 
-0.161 
-0.996 
0.026 
0.999 
0.110 
-0.984 
-0.244 
0.951 
0.373 
-0.900 
-0.495 
0.833 
0.608 
-0.751 
-0.710 
0.654 
0.799 
-0.546 
-0.873 
0.427 
0.931 
-0.300 
-0.972 
0.168 
0.995 
-0.033 
-0.999 
-0.102 
0.985 
0.236 
-0.953 
-0.366 
0.904 
0.488 
-0.837 
-0.602 
0.756 
0.705 
-0.660 
-0.794 
0.552 
0.869 
-0.434 
-0.928 
0.308 
0.970 
-0.176 
-0.994 
0.041 
1.000 
0.095 
-0.987 
-0.229 
0.956 
0.359 
-0.907 
-0.482 
0.842 
0.596 
-0.761 
-0.699 
0.666 
0.790 
-0.558 
-0.866 
0.441 
0.925 
-0.315 
-0.968 
0.184 
0.993 
-0.049 
-1.000 
-0.087 
0.988 
0.221 
-0.958 
-0.351 
0.910 
0.475 
-0.846 
-0.590 
0.766 
0.694 
-0.671 
-0.785 
0.565 
0.862 
-0.448 
-0.923 
0.322 
0.966 
-0.191 
-0.992 
0.056 
1.000 
0.079 
-0.989 
-0.214 
0.960 
0.344 
-0.913 
-0.468 
0.850 
0.584 
-0.771 
-0.688 
0.677 
0.780 
-0.571 
-0.858 
0.455 
0.920 
-0.330 
-0.964 
0.199 
0.991 
-0.064 
-1.000 
-0.072 
0.990 
0.206 
-0.962 
-0.337 
0.916 
0.461 
-0.854 
-0.577 
0.775 
0.683 
-0.683 
-0.775 
0.577 
0.854 
-0.461 
-0.916 
0.337 
0.962 
-0.206 
-0.990 
0.072 
1.000 
0.064 
-0.991 
-0.199 
0.964 
0.330 
-0.920 
-0.455 
0.858 
0.571 
-0.780 
-0.677 
0.688 
0.771 
-0.584 
-0.850 
0.468 
0.913 
-0.344 
-0.960 
0.214 
0.989 
-0.079 
-1.000 
-0.056 
0.992 
0.191 
-0.966 
-0.322 
0.923 
0.448 
-0.862 
-0.565 
0.785 
0.671 
-0.694 
-0.766 
0.590 
0.846 
-0.475 
-0.910 
0.351 
0.958 
-0.221 
-0.988 
0.087 
1.000 
0.049 
-0.993 
-0.184 
0.968 
0.315 
-0.925 
-0.441 
0.866 
0.558 
-0.790 
-0.666 
0.699 
0.761 
-0.596 
-0.842 
0.482 
0.907 
-0.359 
-0.956 
0.229 
0.987 
-0.095 
-1.000 
-0.041 
0.994 
0.176 
-0.970 
-0.308 
0.928 
0.434 
-0.869 
-0.552 
0.794 
0.660 
-0.705 
-0.756 
0.602 
0.837 
-0.488 
-0.904 
0.366 
0.953 
-0.236 
-0.985 
0.102 
0.999 
0.033 
-0.995 
-0.168 
0.972 
0.300 
-0.931 
-0.427 
0.873 
0.546 
-0.799 
-0.654 
0.710 
0.751 
-0.608 
-0.833 
0.495 
0.900 
-0.373 
-0.951 
0.244 
0.984 
-0.110 
-0.999 
-0.026 
0.996 
0.161 
-0.974 
-0.293 
0.934 
0.420 
-0.877 
-0.539 
0.804 
0.648 
-0.716 
-0.745 
0.614 
0.829 
-0.502 
-0.897 
0.380 
0.949 
-0.251 
-0.983 
0.118 
0.999 
0.018 
-0.996 
-0.153 
0.975 
0.286 
-0.937 
-0.413 
0.881 
0.533 
-0.808 
-0.642 
0.721 
0.740 
-0.620 
-0.825 
0.508 
0.894 
-0.387 
-0.946 
0.259 
0.981 
-0.125 
-0.998 
-0.010 
0.997 
0.146 
-0.977 
-0.278 
0.939 
0.406 
-0.884 
-0.526 
0.813 
0.636 
-0.726 
-0.735 
0.626 
0.820 
-0.515 
-0.890 
0.394 
0.944 
-0.266 
-0.980 
0.133 
0.998 
0.003 
-0.998 
-0.138 
0.979 
0.271 
-0.942 
-0.399 
0.888 
0.519 
-0.817 
-0.630 
0.732 
0.730 
-0.632 
-0.816 
0.522 
0.887 
-0.401 
-0.941 
0.273 
0.978 
-0.141 
-0.997 
0.005 
0.998 
0.130 
-0.980 
-0.264 
0.945 
0.392 
-0.891 
-0.513 
0.822 
0.624 
-0.737 
-0.725 
0.638 
0.811 
-0.528 
-0.883 
0.408 
0.938 
-0.281 
-0.977 
0.148 
0.997 
-0.013 
-0.998 
-0.123 
0.982 
0.256 
-0.947 
-0.385 
0.895 
0.506 
-0.826 
-0.618 
0.742 
0.719 
-0.644 
-0.807 
0.535 
0.879 
-0.415 
-0.936 
0.288 
0.975 
-0.156 
-0.996 
0.021 
0.999 
0.115 
-0.983 
-0.249 
0.949 
0.378 
-0.898 
-0.500 
0.830 
0.612 
-0.747 
-0.714 
0.650 
0.802 
-0.541 
-0.876 
0.422 
0.933 
-0.296 
-0.973 
0.163 
0.995 
-0.028 
-0.999 
-0.108 
0.985 
0.241 
-0.952 
-0.371 
0.902 
0.493 
-0.835 
-0.606 
0.752 
0.708 
-0.656 
-0.798 
0.548 
0.872 
-0.429 
-0.930 
0.303 
0.971 
-0.171 
-0.995 
0.036 
0.999 
0.100 
-0.986 
-0.234 
0.954 
0.363 
-0.905 
-0.486 
0.839 
0.600 
-0.757 
-0.703 
0.662 
0.793 
-0.554 
-0.868 
0.436 
0.927 
-0.310 
-0.970 
0.179 
0.994 
-0.044 
-1.000 
-0.092 
0.987 
0.226 
-0.956 
-0.356 
0.908 
0.480 
-0.843 
-0.594 
0.762 
0.698 
-0.668 
-0.788 
0.560 
0.864 
-0.443 
-0.924 
0.318 
0.968 
-0.186 
-0.993 
0.051 
1.000 
0.085 
-0.988 
-0.219 
0.959 
0.349 
-0.911 
-0.473 
0.847 
0.588 
-0.767 
-0.692 
0.673 
0.783 
-0.567 
-0.860 
0.450 
0.922 
-0.325 
-0.966 
0.194 
0.992 
-0.059 
-1.000 
-0.077 
0.990 
0.211 
-0.961 
-0.342 
0.914 
0.466 
-0.851 
-0.582 
0.772 
0.686 
-0.679 
-0.779 
0.573 
0.856 
-0.457 
-0.919 
0.332 
0.964 
-0.201 
-0.991 
0.067 
1.000 
0.069 
-0.991 
-0.204 
0.963 
0.335 
-0.917 
-0.459 
0.855 
0.575 
-0.777 
-0.681 
0.685 
0.774 
-0.579 
-0.852 
0.464 
0.915 
-0.339 
-0.962 
0.209 
0.990 
-0.074 
-1.000 
-0.062 
0.992 
0.196 
-0.965 
-0.327 
0.921 
0.452 
-0.859 
-0.569 
0.782 
0.675 
-0.690 
-0.769 
0.586 
0.848 
-0.470 
-0.912 
0.347 
0.959 
-0.216 
-0.989 
0.082 
1.000 
0.054 
-0.993 
-0.189 
0.967 
0.320 
-0.924 
-0.445 
0.863 
0.563 
-0.787 
-0.669 
0.696 
0.764 
-0.592 
-0.844 
0.477 
0.909 
-0.354 
-0.957 
0.224 
0.988 
-0.090 
-1.000 
-0.046 
0.993 
0.181 
-0.969 
-0.313 
0.926 
0.438 
-0.867 
-0.556 
0.791 
0.664 
-0.701 
-0.759 
0.598 
0.840 
-0.484 
-0.906 
0.361 
0.955 
-0.231 
-0.986 
0.097 
1.000 
0.038 
-0.994 
-0.174 
0.971 
0.305 
-0.929 
-0.432 
0.871 
0.550 
-0.796 
-0.658 
0.707 
0.754 
-0.604 
-0.836 
0.491 
0.903 
-0.368 
-0.953 
0.239 
0.985 
-0.105 
-0.999 
-0.031 
0.995 
0.166 
-0.973 
-0.298 
0.932 
0.425 
-0.874 
-0.543 
0.801 
0.652 
-0.712 
-0.749 
0.610 
0.832 
-0.497 
-0.899 
0.375 
0.950 
-0.246 
-0.984 
0.113 
0.999 
0.023 
-0.996 
-0.158 
0.974 
0.291 
-0.935 
-0.418 
0.878 
0.537 
-0.805 
-0.646 
0.717 
0.744 
-0.616 
-0.827 
0.504 
0.896 
-0.382 
-0.948 
0.254 
0.982 
-0.120 
-0.999 
-0.015 
0.997 
0.151 
-0.976 
-0.283 
0.938 
0.411 
-0.882 
-0.530 
0.810 
0.640 
-0.723 
-0.739 
0.622 
0.823 
-0.511 
-0.892 
0.389 
0.945 
-0.261 
-0.981 
0.128 
0.998 
0.008 
-0.997 
-0.143 
0.978 
0.276 
-0.940 
-0.404 
0.885 
0.524 
-0.814 
-0.634 
0.728 
0.733 
-0.628 
-0.819 
0.517 
0.889 
-0.397 
-0.943 
0.269 
0.979 
-0.136 
-0.998 
0.000 
0.998 
0.136 
-0.979 
-0.269 
0.943 
0.397 
-0.889 
-0.517 
0.819 
0.628 
-0.733 
-0.728 
0.634 
0.814 
-0.524 
-0.885 
0.404 
0.940 
-0.276 
-0.978 
0.143 
0.997 
-0.008 
-0.998 
-0.128 
0.981 
0.261 
-0.945 
-0.389 
0.892 
0.511 
-0.823 
-0.622 
0.739 
0.723 
-0.640 
-0.810 
0.530 
0.882 
-0.411 
-0.938 
0.283 
0.976 
-0.151 
-0.997 
0.015 
0.999 
0.120 
-0.982 
-0.254 
0.948 
0.382 
-0.896 
-0.504 
0.827 
0.616 
-0.744 
-0.717 
0.646 
0.805 
-0.537 
-0.878 
0.418 
0.935 
-0.291 
-0.974 
0.158 
0.996 
-0.023 
-0.999 
-0.113 
0.984 
0.246 
-0.950 
-0.375 
0.899 
0.497 
-0.832 
-0.610 
0.749 
0.712 
-0.652 
-0.801 
0.543 
0.874 
-0.425 
-0.932 
0.298 
0.973 
-0.166 
-0.995 
0.031 
0.999 
0.105 
-0.985 
-0.239 
0.953 
0.368 
-0.903 
-0.491 
0.836 
0.604 
-0.754 
-0.707 
0.658 
0.796 
-0.550 
-0.871 
0.432 
0.929 
-0.305 
-0.971 
0.174 
0.994 
-0.038 
-1.000 
-0.097 
0.986 
0.231 
-0.955 
-0.361 
0.906 
0.484 
-0.840 
-0.598 
0.759 
0.701 
-0.664 
-0.791 
0.556 
0.867 
-0.438 
-0.926 
0.313 
0.969 
-0.181 
-0.993 
0.046 
1.000 
0.090 
-0.988 
-0.224 
0.957 
0.354 
-0.909 
-0.477 
0.844 
0.592 
-0.764 
-0.696 
0.669 
0.787 
-0.563 
-0.863 
0.445 
0.924 
-0.320 
-0.967 
0.189 
0.993 
-0.054 
-1.000 
-0.082 
0.989 
0.216 
-0.959 
-0.347 
0.912 
0.470 
-0.848 
-0.586 
0.769 
0.690 
-0.675 
-0.782 
0.569 
0.859 
-0.452 
-0.921 
0.327 
0.965 
-0.196 
-0.992 
0.062 
1.000 
0.074 
-0.990 
-0.209 
0.962 
0.339 
-0.915 
-0.464 
0.852 
0.579 
-0.774 
-0.685 
0.681 
0.777 
-0.575 
-0.855 
0.459 
0.917 
-0.335 
-0.963 
0.204 
0.991 
-0.069 
-1.000 
-0.067 
0.991 
0.201 
-0.964 
-0.332 
0.919 
0.457 
-0.856 
-0.573 
0.779 
0.679 
-0.686 
-0.772 
0.582 
0.851 
-0.466 
-0.914 
0.342 
0.961 
-0.211 
-0.990 
0.077 
1.000 
0.059 
-0.992 
-0.194 
0.966 
0.325 
-0.922 
-0.450 
0.860 
0.567 
-0.783 
-0.673 
0.692 
0.767 
-0.588 
-0.847 
0.473 
0.911 
-0.349 
-0.959 
0.219 
0.988 
-0.085 
-1.000 
-0.051 
0.993 
0.186 
-0.968 
-0.318 
0.924 
0.443 
-0.864 
-0.560 
0.788 
0.668 
-0.698 
-0.762 
0.594 
0.843 
-0.480 
-0.908 
0.356 
0.956 
-0.226 
-0.987 
0.092 
1.000 
0.044 
-0.994 
-0.179 
0.970 
0.310 
-0.927 
-0.436 
0.868 
0.554 
-0.793 
-0.662 
0.703 
0.757 
-0.600 
-0.839 
0.486 
0.905 
-0.363 
-0.954 
0.234 
0.986 
-0.100 
-0.999 
-0.036 
0.995 
0.171 
-0.971 
-0.303 
0.930 
0.429 
-0.872 
-0.548 
0.798 
0.656 
-0.708 
-0.752 
0.606 
0.835 
-0.493 
-0.902 
0.371 
0.952 
-0.241 
-0.985 
0.108 
0.999 
0.028 
-0.995 
-0.163 
0.973 
0.296 
-0.933 
-0.422 
0.876 
0.541 
-0.802 
-0.650 
0.714 
0.747 
-0.612 
-0.830 
0.500 
0.898 
-0.378 
-0.949 
0.249 
0.983 
-0.115 
-0.999 
-0.021 
0.996 
0.156 
-0.975 
-0.288 
0.936 
0.415 
-0.879 
-0.535 
0.807 
0.644 
-0.719 
-0.742 
0.618 
0.826 
-0.506 
-0.895 
0.385 
0.947 
-0.256 
-0.982 
0.123 
0.998 
0.013 
-0.997 
-0.148 
0.977 
0.281 
-0.938 
-0.408 
0.883 
0.528 
-0.811 
-0.638 
0.725 
0.737 
-0.624 
-0.822 
0.513 
0.891 
-0.392 
-0.945 
0.264 
0.980 
-0.130 
-0.998 
-0.005 
0.997 
0.141 
-0.978 
-0.273 
0.941 
0.401 
-0.887 
-0.522 
0.816 
0.632 
-0.730 
-0.732 
0.630 
0.817 
-0.519 
-0.888 
0.399 
0.942 
-0.271 
-0.979 
0.138 
0.998 
-0.003 
-0.998 
-0.133 
0.980 
0.266 
-0.944 
-0.394 
0.890 
0.515 
-0.820 
-0.626 
0.735 
0.726 
-0.636 
-0.813 
0.526 
0.884 
-0.406 
-0.939 
0.278 
0.977 
-0.146 
-0.997 
0.010 
0.998 
0.125 
-0.981 
-0.259 
0.946 
0.387 
-0.894 
-0.508 
0.825 
0.620 
-0.740 
-0.721 
0.642 
0.808 
-0.533 
-0.881 
0.413 
0.937 
-0.286 
-0.975 
0.153 
0.996 
-0.018 
-0.999 
-0.118 
0.983 
0.251 
-0.949 
-0.380 
0.897 
0.502 
-0.829 
-0.614 
0.745 
0.716 
-0.648 
-0.804 
0.539 
0.877 
-0.420 
-0.934 
0.293 
0.974 
-0.161 
-0.996 
0.026 
0.999 
0.110 
-0.984 
-0.244 
0.951 
0.373 
-0.900 
-0.495 
0.833 
0.608 
-0.751 
-0.710 
0.654 
0.799 
-0.546 
-0.873 
0.427 
0.931 
-0.300 
-0.972 
0.168 
0.995 
-0.033 
-0.999 
-0.102 
0.985 
0.236 
-0.953 
-0.366 
0.904 
0.488 
-0.837 
-0.602 
0.756 
0.705 
-0.660 
-0.794 
0.552 
0.869 
-0.434 
-0.928 
0.308 
0.970 
-0.176 
-0.994 
0.041 
1.000 
0.095 
-0.987 
-0.229 
0.956 
0.359 
-0.907 
-0.482 
0.842 
0.596 
-0.761 
-0.699 
0.666 
0.790 
-0.558 
-0.866 
0.441 
0.925 
-0.315 
-0.968 
0.184 
0.993 
-0.049 
-1.000 
-0.087 
0.988 
0.221 
-0.958 
-0.351 
0.910 
0.475 
-0.846 
-0.590 
0.766 
0.694 
-0.671 
-0.785 
0.565 
0.862 
-0.448 
-0.923 
0.322 
0.966 
-0.191 
-0.992 
0.056 
1.000 
0.079 
-0.989 
-0.214 
0.960 
0.344 
-0.913 
-0.468 
0.850 
0.584 
-0.771 
-0.688 
0.677 
0.780 
-0.571 
-0.858 
0.455 
0.920 
-0.330 
-0.964 
0.199 
0.991 
-0.064 
-1.000 
-0.072 
0.990 
0.206 
-0.962 
-0.337 
0.916 
0.461 
-0.854 
-0.577 
0.775 
0.683 
-0.683 
-0.775 
0.577 
0.854 
-0.461 
-0.916 
0.337 
0.962 
-0.206 
-0.990 
0.072 
1.000 
0.064 
-0.991 
-0.199 
0.964 
0.330 
-0.920 
-0.455 
0.858 
0.571 
-0.780 
-0.677 
0.688 
0.771 
-0.584 
-0.850 
0.468 
0.913 
-0.344 
-0.960 
0.214 
0.989 
-0.079 
-1.000 
-0.056 
0.992 
0.191 
-0.966 
-0.322 
0.923 
0.448 
-0.862 
-0.565 
0.785 
0.671 
-0.694 
-0.766 
0.590 
0.846 
-0.475 
-0.910 
0.351 
0.958 
-0.221 
-0.988 
0.087 
1.000 
0.049 
-0.993 
-0.184 
0.968 
0.315 
-0.925 
-0.441 
0.866 
0.558 
-0.790 
-0.666 
0.699 
0.761 
-0.596 
-0.842 
0.482 
0.907 
-0.359 
-0.956 
0.229 
0.987 
-0.095 
-1.000 
-0.041 
0.994 
0.176 
-0.970 
-0.308 
0.928 
0.434 
-0.869 
-0.552 
0.794 
0.660 
-0.705 
-0.756 
0.602 
0.837 
-0.488 
-0.904 
0.366 
0.953 
-0.236 
-0.985 
0.102 
0.999 
0.033 
-0.995 
-0.168 
0.972 
0.300 
-0.931 
-0.427 
0.873 
0.546 
-0.799 
-0.654 
0.710 
0.751 
-0.608 
-0.833 
0.495 
0.900 
-0.373 
-0.951 
0.244 
0.984 
-0.110 
-0.999 
-0.026 
0.996 
0.161 
-0.974 
-0.293 
0.934 
0.420 
-0.877 
-0.539 
0.804 
0.648 
-0.716 
-0.745 
0.614 
0.829 
-0.502 
-0.897 
0.380 
0.949 
-0.251 
-0.983 
0.118 
0.999 
0.018 
-0.996 
-0.153 
0.975 
0.286 
-0.937 
-0.413 
0.881 
0.533 
-0.808 
-0.642 
0.721 
0.740 
-0.620 
-0.825 
0.508 
0.894 
-0.387 
-0.946 
0.259 
0.981 
-0.125 
-0.998 
-0.010 
0.997 
0.146 
-0.977 
-0.278 
0.939 
0.406 
-0.884 
-0.526 
0.813 
0.636 
-0.726 
-0.735 
0.626 
0.820 
-0.515 
-0.890 
0.394 
0.944 
-0.266 
-0.980 
0.133 
0.998 
0.003 
-0.998 
-0.138 
0.979 
0.271 
-0.942 
-0.399 
0.888 
0.519 
-0.817 
-0.630 
0.732 
0.730 
-0.632 
-0.816 
0.522 
0.887 
-0.401 
-0.941 
0.273 
0.978 
-0.141 
-0.997 
0.005 
0.998 
0.130 
-0.980 
-0.264 
0.945 
0.392 
-0.891 
-0.513 
0.822 
0.624 
-0.737 
-0.725 
0.638 
0.811 
-0.528 
-0.883 
0.408 
0.938 
-0.281 
-0.977 
0.148 
0.997 
-0.013 
-0.998 
-0.123 
0.982 
0.256 
-0.947 
-0.385 
0.895 
0.506 
-0.826 
-0.618 
0.742 
0.719 
-0.644 
-0.807 
0.535 
0.879 
-0.415 
-0.936 
0.288 
0.975 
-0.156 
-0.996 
0.021 
0.999 
0.115 
-0.983 
-0.249 
0.949 
0.378 
-0.898 
-0.500 
0.830 
0.612 
-0.747 
-0.714 
0.650 
0.802 
-0.541 
-0.876 
0.422 
0.933 
-0.296 
-0.973 
0.163 
0.995 
-0.028 
-0.999 
-0.108 
0.985 
0.241 
-0.952 
-0.371 
0.902 
0.493 
-0.835 
-0.606 
0.752 
0.708 
-0.656 
-0.798 
0.548 
0.872 
-0.429 
-0.930 
0.303 
0.971 
-0.171 
-0.995 
0.036 
0.999 
0.100 
-0.986 
-0.234 
0.954 
0.363 
-0.905 
-0.486 
0.839 
0.600 
-0.757 
-0.703 
0.662 
0.793 
-0.554 
-0.868 
0.436 
0.927 
-0.310 
-0.970 
0.179 
0.994 
-0.044 
-1.000 
-0.092 
0.987 
0.226 
-0.956 
-0.356 
0.908 
0.480 
-0.843 
-0.594 
0.762 
0.698 
-0.668 
-0.788 
0.560 
0.864 
-0.443 
-0.924 
0.318 
0.968 
-0.186 
-0.993 
0.051 
1.000 
0.085 
-0.988 
-0.219 
0.959 
0.349 
-0.911 
-0.473 
0.847 
0.588 
-0.767 
-0.692 
0.673 
0.783 
-0.567 
-0.860 
0.450 
0.922 
-0.325 
-0.966 
0.194 
0.992 
-0.059 
-1.000 
-0.077 
0.990 
0.211 
-0.961 
-0.342 
0.914 
0.466 
-0.851 
-0.582 
0.772 
0.686 
-0.679 
-0.779 
0.573 
0.856 
-0.457 
-0.919 
0.332 
0.964 
-0.201 
-0.991 
0.067 
1.000 
0.069 
-0.991 
-0.204 
0.963 
0.335 
-0.917 
-0.459 
0.855 
0.575 
-0.777 
-0.681 
0.685 
0.774 
-0.579 
-0.852 
0.464 
0.915 
-0.339 
-0.962 
0.209 
0.990 
-0.074 
-1.000 
-0.062 
0.992 
0.196 
-0.965 
-0.327 
0.921 
0.452 
-0.859 
-0.569 
0.782 
0.675 
-0.690 
-0.769 
0.586 
0.848 
-0.470 
-0.912 
0.347 
0.959 
-0.216 
-0.989 
0.082 
1.000 
0.054 
-0.993 
-0.189 
0.967 
0.320 
-0.924 
-0.445 
0.863 
0.563 
-0.787 
-0.669 
0.696 
0.764 
-0.592 
-0.844 
0.477 
0.909 
-0.354 
-0.957 
0.224 
0.988 
-0.090 
-1.000 
-0.046 
0.993 
0.181 
-0.969 
-0.313 
0.926 
0.438 
-0.867 
-0.556 
0.791 
0.664 
-0.701 
-0.759 
0.598 
0.840 
-0.484 
-0.906 
0.361 
0.955 
-0.231 
-0.986 
0.097 
1.000 
0.038 
-0.994 
-0.174 
0.971 
0.305 
-0.929 
-0.432 
0.871 
0.550 
-0.796 
-0.658 
0.707 
0.754 
-0.604 
-0.836 
0.491 
0.903 
-0.368 
-0.953 
0.239 
0.985 
-0.105 
-0.999 
-0.031 
0.995 
0.166 
-0.973 
-0.298 
0.932 
0.425 
-0.874 
-0.543 
0.801 
0.652 
-0.712 
-0.749 
0.610 
0.832 
-0.497 
-0.899 
0.375 
0.950 
-0.246 
-0.984 
0.113 
0.999 
0.023 
-0.996 
-0.158 
0.974 
0.291 
-0.935 
-0.418 
0.878 
0.537 
-0.805 
-0.646 
0.717 
0.744 
-0.616 
-0.827 
0.504 
0.896 
-0.382 
-0.948 
0.254 
0.982 
-0.120 
-0.999 
-0.015 
0.997 
0.151 
-0.976 
-0.283 
0.938 
0.411 
-0.882 
-0.530 
0.810 
0.640 
-0.723 
-0.739 
0.622 
0.823 
-0.511 
-0.892 
0.389 
0.945 
-0.261 
-0.981 
0.128 
0.998 
0.008 
-0.997 
-0.143 
0.978 
0.276 
-0.940 
-0.404 
0.885 
0.524 
-0.814 
-0.634 
0.728 
0.733 
-0.628 
-0.819 
0.517 
0.889 
-0.397 
-0.943 
0.269 
0.979 
-0.136 
-0.998 
0.000 
0.998 
0.136 
-0.979 
-0.269 
0.943 
0.397 
-0.889 
-0.517 
0.819 
0.628 
-0.733 
-0.728 
0.634 
0.814 
-0.524 
-0.885 
0.404 
0.940 
-0.276 
-0.978 
0.143 
0.997 
-0.008 
-0.998 
-0.128 
0.981 
0.261 
-0.945 
-0.389 
0.892 
0.511 
-0.823 
-0.622 
0.739 
0.723 
-0.640 
-0.810 
0.530 
0.882 
-0.411 
-0.938 
0.283 
0.976 
-0.151 
-0.997 
0.015 
0.999 
0.120 
-0.982 
-0.254 
0.948 
0.382 
-0.896 
-0.504 
0.827 
0.616 
-0.744 
-0.717 
0.646 
0.805 
-0.537 
-0.878 
0.418 
0.935 
-0.291 
-0.974 
0.158 
0.996 
-0.023 
-0.999 
-0.113 
0.984 
0.246 
-0.950 
-0.375 
0.899 
0.497 
-0.832 
-0.610 
0.749 
0.712 
-0.652 
-0.801 
0.543 
0.874 
-0.425 
-0.932 
0.298 
0.973 
-0.166 
-0.995 
0.031 
0.999 
0.105 
-0.985 
-0.239 
0.953 
0.368 
-0.903 
-0.491 
0.836 
0.604 
-0.754 
-0.707 
0.658 
0.796 
-0.550 
-0.871 
0.432 
0.929 
-0.305 
-0.971 
0.174 
0.994 
-0.038 
-1.000 
-0.097 
0.986 
0.231 
-0.955 
-0.361 
0.906 
0.484 
-0.840 
-0.598 
0.759 
0.701 
-0.664 
-0.791 
0.556 
0.867 
-0.438 
-0.926 
0.313 
0.969 
-0.181 
-0.993 
0.046 
1.000 
0.090 
-0.988 
-0.224 
0.957 
0.354 
-0.909 
-0.477 
0.844 
0.592 
-0.764 
-0.696 
0.669 
0.787 
-0.563 
-0.863 
0.445 
0.924 
-0.320 
-0.967 
0.189 
0.993 
-0.054 
-1.000 
-0.082 
0.989 
0.216 
-0.959 
-0.347 
0.912 
0.470 
-0.848 
-0.586 
0.769 
0.690 
-0.675 
-0.782 
0.569 
0.859 
-0.452 
-0.921 
0.327 
0.965 
-0.196 
-0.992 
0.062 
1.000 
0.074 
-0.990 
-0.209 
0.962 
0.339 
-0.915 
-0.464 
0.852 
0.579 
-0.774 
-0.685 
0.681 
0.777 
-0.575 
-0.855 
0.459 
0.917 
-0.335 
-0.963 
0.204 
0.991 
-0.069 
-1.000 
-0.067 
0.991 
0.201 
-0.964 
-0.332 
0.919 
0.457 
-0.856 
-0.573 
0.779 
0.679 
-0.686 
-0.772 
0.582 
0.851 
-0.466 
-0.914 
0.342 
0.961 
-0.211 
-0.990 
0.077 
1.000 
0.059 
-0.992 
-0.194 
0.966 
0.325 
-0.922 
-0.450 
0.860 
0.567 
-0.783 
-0.673 
0.692 
0.767 
-0.588 
-0.847 
0.473 
0.911 
-0.349 
-0.959 
0.219 
0.988 
-0.085 
-1.000 
-0.051 
0.993 
0.186 
-0.968 
-0.318 
0.924 
0.443 
-0.864 
-0.560 
0.788 
0.668 
-0.698 
-0.762 
0.594 
0.843 
-0.480 
-0.908 
0.356 
0.956 
-0.226 
-0.987 
0.092 
1.000 
0.044 
-0.994 
-0.179 
0.970 
0.310 
-0.927 
-0.436 
0.868 
0.554 
-0.793 
-0.662 
0.703 
0.757 
-0.600 
-0.839 
0.486 
0.905 
-0.363 
-0.954 
0.234 
0.986 
-0.100 
-0.999 
-0.036 
0.995 
0.171 
-0.971 
-0.303 
0.930 
0.429 
-0.872 
-0.548 
0.798 
0.656 
-0.708 
-0.752 
0.606 
0.835 
-0.493 
-0.902 
0.371 
0.952 
-0.241 
-0.985 
0.108 
0.999 
0.028 
-0.995 
-0.163 
0.973 
0.296 
-0.933 
-0.422 
0.876 
0.541 
-0.802 
-0.650 
0.714 
0.747 
-0.612 
-0.830 
0.500 
0.898 
-0.378 
-0.949 
0.249 
0.983 
-0.115 
-0.999 
-0.021 
0.996 
0.156 
-0.975 
-0.288 
0.936 
0.415 
-0.879 
-0.535 
0.807 
0.644 
-0.719 
-0.742 
0.618 
0.826 
-0.506 
-0.895 
0.385 
0.947 
-0.256 
-0.982 
0.123 
0.998 
0.013 
-0.997 
-0.148 
0.977 
0.281 
-0.938 
-0.408 
0.883 
0.528 
-0.811 
-0.638 
0.725 
0.737 
-0.624 
-0.822 
0.513 
0.891 
-0.392 
-0.945 
0.264 
0.980 
-0.130 
-0.998 
-0.005 
0.997 
0.141 
-0.978 
-0.273 
0.941 
0.401 
-0.887 
-0.522 
0.816 
0.632 
-0.730 
-0.732 
0.630 
0.817 
-0.519 
-0.888 
0.399 
0.942 
-0.271 
-0.979 
0.138 
0.998 
-0.003 
-0.998 
-0.133 
0.980 
0.266 
-0.944 
-0.394 
0.890 
0.515 
-0.820 
-0.626 
0.735 
0.726 
-0.636 
-0.813 
0.526 
0.884 
-0.406 
-0.939 
0.278 
0.977 
-0.146 
-0.997 
0.010 
0.998 
0.125 
-0.981 
-0.259 
0.946 
0.387 
-0.894 
-0.508 
0.825 
0.620 
-0.740 
-0.721 
0.642 
0.808 
-0.533 
-0.881 
0.413 
0.937 
-0.286 
-0.975 
0.153 
0.996 
-0.018 
-0.999 
-0.118 
0.983 
0.251 
-0.949 
-0.380 
0.897 
0.502 
-0.829 
-0.614 
0.745 
0.716 
-0.648 
-0.804 
0.539 
0.877 
-0.420 
-0.934 
0.293 
0.974 
-0.161 
-0.996 
0.026 
0.999 
0.110 
-0.984 
-0.244 
0.951 
0.373 
-0.900 
-0.495 
0.833 
0.608 
-0.751 
-0.710 
0.654 
0.799 
-0.546 
-0.873 
0.427 
0.931 
-0.300 
-0.972 
0.168 
0.995 
-0.033 
-0.999 
-0.102 
0.985 
0.236 
-0.953 
-0.366 
0.904 
0.488 
-0.837 
-0.602 
0.756 
0.705 
-0.660 
-0.794 
0.552 
0.869 
-0.434 
-0.928 
0.308 
0.970 
-0.176 
-0.994 
0.041 
1.000 
0.095 
-0.987 
-0.229 
0.956 
0.359 
-0.907 
-0.482 
0.842 
0.596 
-0.761 
-0.699 
0.666 
0.790 
-0.558 
-0.866 
0.441 
0.925 
-0.315 
-0.968 
0.184 
0.993 
-0.049 
-1.000 
-0.087 
0.988 
0.221 
-0.958 
-0.351 
0.910 
0.475 
-0.846 
-0.590 
0.766 
0.694 
-0.671 
-0.785 
0.565 
0.862 
-0.448 
-0.923 
0.322 
0.966 
-0.191 
-0.992 
0.056 
1.000 
0.079 
-0.989 
-0.214 
0.960 
0.344 
-0.913 
-0.468 
0.850 
0.584 
-0.771 
-0.688 
0.677 
0.780 
-0.571 
-0.858 
0.455 
0.920 
-0.330 
-0.964 
0.199 
0.991 
-0.064 
-1.000 
-0.072 
0.990 
0.206 
-0.962 
-0.337 
0.916 
0.461 
-0.854 
-0.577 
0.775 
0.683 
-0.683 
-0.775 
0.577 
0.854 
-0.461 
-0.916 
0.337 
0.962 
-0.206 
-0.990 
0.072 
1.000 
0.064 
-0.991 
-0.199 
0.964 
0.330 
-0.920 
-0.455 
0.858 
0.571 
-0.780 
-0.677 
0.688 
0.771 
-0.584 
-0.850 
0.468 
0.913 
-0.344 
-0.960 
0.214 
0.989 
-0.079 
-1.000 
-0.056 
0.992 
0.191 
-0.966 
-0.322 
0.923 
0.448 
-0.862 
-0.565 
0.785 
0.671 
-0.694 
-0.766 
0.590 
0.846 
-0.475 
-0.910 
0.351 
0.958 
-0.221 
-0.988 
0.087 
1.000 
0.049 
-0.993 
-0.184 
0.968 
0.315 
-0.925 
-0.441 
0.866 
0.558 
-0.790 
-0.666 
0.699 
0.761 
-0.596 
-0.842 
0.482 
0.907 
-0.359 
-0.956 
0.229 
0.987 
-0.095 
-1.000 
-0.041 
0.994 
0.176 
-0.970 
-0.308 
0.928 
0.434 
-0.869 
-0.552 
0.794 
0.660 
-0.705 
-0.756 
0.602 
0.837 
-0.488 
-0.904 
0.366 
0.953 
-0.236 
-0.985 
0.102 
0.999 
0.033 
-0.995 
-0.168 
0.972 
0.300 
-0.931 
-0.427 
0.873 
0.546 
-0.799 
-0.654 
0.710 
0.751 
-0.608 
-0.833 
0.495 
0.900 
-0.373 
-0.951 
0.244 
0.984 
-0.110 
-0.999 
-0.026 
0.996 
0.161 
-0.974 
-0.293 
0.934 
0.420 
-0.877 
-0.539 
0.804 
0.648 
-0.716 
-0.745 
0.614 
0.829 
-0.502 
-0.897 
0.380 
0.949 
-0.251 
-0.983 
0.118 
0.999 
0.018 
-0.996 
-0.153 
0.975 
0.286 
-0.937 
-0.413 
0.881 
0.533 
-0.808 
-0.642 
0.721 
0.740 
-0.620 
-0.825 
0.508 
0.894 
-0.387 
-0.946 
0.259 
0.981 
-0.125 
-0.998 
-0.010 
0.997 
0.146 
-0.977 
-0.278 
0.939 
0.406 
-0.884 
-0.526 
0.813 
0.636 
-0.726 
-0.735 
0.626 
0.820 
-0.515 
-0.890 
0.394 
0.944 
-0.266 
-0.980 
0.133 
0.998 
0.003 
-0.998 
-0.138 
0.979 
0.271 
-0.942 
-0.399 
0.888 
0.519 
-0.817 
-0.630 
0.732 
0.730 
-0.632 
-0.816 
0.522 
0.887 
-0.401 
-0.941 
0.273 
0.978 
-0.141 
-0.997 
0.005 
0.998 
0.130 
-0.980 
-0.264 
0.945 
0.392 
-0.891 
-0.513 
0.822 
0.624 
-0.737 
-0.725 
0.638 
0.811 
-0.528 
-0.883 
0.408 
0.938 
-0.281 
-0.977 
0.148 
0.997 
-0.013 
-0.998 
-0.123 
0.982 
0.256 
-0.947 
-0.385 
0.895 
0.506 
-0.826 
-0.618 
0.742 
0.719 
-0.644 
-0.807 
0.535 
0.879 
-0.415 
-0.936 
0.288 
0.975 
-0.156 
-0.996 
0.021 
0.999 
0.115 
-0.983 
-0.249 
0.949 
0.378 
-0.898 
-0.500 
0.830 
0.612 
-0.747 
-0.714 
0.650 
0.802 
-0.541 
-0.876 
0.422 
0.933 
-0.296 
-0.973 
0.163 
0.995 
-0.028 
-0.999 
-0.108 
0.985 
0.241 
-0.952 
-0.371 
0.902 
0.493 
-0.835 
-0.606 
0.752 
0.708 
-0.656 
-0.798 
0.548 
0.872 
-0.429 
-0.930 
0.303 
0.971 
-0.171 
-0.995 
0.036 
0.999 
0.100 
-0.986 
-0.234 
0.954 
0.363 
-0.905 
-0.486 
0.839 
0.600 
-0.757 
-0.703 
0.662 
0.793 
-0.554 
-0.868 
0.436 
0.927 
-0.310 
-0.970 
0.179 
0.994 
-0.044 
-1.000 
-0.092 
0.987 
0.226 
-0.956 
-0.356 
0.908 
0.480 
-0.843 
-0.594 
0.762 
0.698 
-0.668 
-0.788 
0.560 
0.864 
-0.443 
-0.924 
0.318 
0.968 
-0.186 
-0.993 
0.051 
1.000 
0.085 
-0.988 
-0.219 
0.959 
0.349 
-0.911 
-0.473 
0.847 
0.588 
-0.767 
-0.692 
0.673 
0.783 
-0.567 
-0.860 
0.450 
0.922 
-0.325 
-0.966 
0.194 
0.992 
-0.059 
-1.000 
-0.077 
0.990 
0.211 
-0.961 
-0.342 
0.914 
0.466 
-0.851 
-0.582 
0.772 
0.686 
-0.679 
-0.779 
0.573 
0.856 
-0.457 
-0.919 
0.332 
0.964 
-0.201 
-0.991 
0.067 
1.000 
0.069 
-0.991 
-0.204 
0.963 
0.335 
-0.917 
-0.459 
0.855 
0.575 
-0.777 
-0.681 
0.685 
0.774 
-0.579 
-0.852 
0.464 
0.915 
-0.339 
-0.962 
0.209 
0.990 
-0.074 
-1.000 
-0.062 
0.992 
0.196 
-0.965 
-0.327 
0.921 
0.452 
-0.859 
-0.569 
0.782 
0.675 
-0.690 
-0.769 
0.586 
0.848 
-0.470 
-0.912 
0.347 
0.959 
-0.216 
-0.989 
0.082 
1.000 
0.054 
-0.993 
-0.189 
0.967 
0.320 
-0.924 
-0.445 
0.863 
0.563 
-0.787 
-0.669 
0.696 
0.764 
-0.592 
-0.844 
0.477 
0.909 
-0.354 
-0.957 
0.224 
0.988 
-0.090 
-1.000 
-0.046 
0.993 
0.181 
-0.969 
-0.313 
0.926 
0.438 
-0.867 
-0.556 
0.791 
0.664 
-0.701 
-0.759 
0.598 
0.840 
-0.484 
-0.906 
0.361 
0.955 
-0.231 
-0.986 
0.097 
1.000 
0.038 
-0.994 
-0.174 
0.971 
0.305 
-0.929 
-0.432 
0.871 
0.550 
-0.796 
-0.658 
0.707 
0.754 
-0.604 
-0.836 
0.491 
0.903 
-0.368 
-0.953 
0.239 
0.985 
-0.105 
-0.999 
-0.031 
0.995 
0.166 
-0.973 
-0.298 
0.932 
0.425 
-0.874 
-0.543 
0.801 
0.652 
-0.712 
-0.749 
0.610 
0.832 
-0.497 
-0.899 
0.375 
0.950 
-0.246 
-0.984 
0.113 
0.999 
0.023 
-0.996 
-0.158 
0.974 
0.291 
-0.935 
-0.418 
0.878 
0.537 
-0.805 
-0.646 
0.717 
0.744 
-0.616 
-0.827 
0.504 
0.896 
-0.382 
-0.948 
0.254 
0.982 
-0.120 
-0.999 
-0.015 
0.997 
0.151 
-0.976 
-0.283 
0.938 
0.411 
-0.882 
-0.530 
0.810 
0.640 
-0.723 
-0.739 
0.622 
0.823 
-0.511 
-0.892 
0.389 
0.945 
-0.261 
-0.981 
0.128 
0.998 
0.008 
-0.997 
-0.143 
0.978 
0.276 
-0.940 
-0.404 
0.885 
0.524 
-0.814 
-0.634 
0.728 
0.733 
-0.628 
-0.819 
0.517 
0.889 
-0.397 
-0.943 
0.269 
0.979 
-0.136 
-0.998 
0.000 
0.998 
0.136 
-0.979 
-0.269 
0.943 
0.397 
-0.889 
-0.517 
0.819 
0.628 
-0.733 
-0.728 
0.634 
0.814 
-0.524 
-0.885 
0.404 
0.940 
-0.276 
-0.978 
0.143 
0.997 
-0.008 
-0.998 
-0.128 
0.981 
0.261 
-0.945 
-0.389 
0.892 
0.511 
-0.823 
-0.622 
0.739 
0.723 
-0.640 
-0.810 
0.530 
0.882 
-0.411 
-0.938 
0.283 
0.976 
-0.151 
-0.997 
0.015 
0.999 
0.120 
-0.982 
-0.254 
0.948 
0.382 
-0.896 
-0.504 
0.827 
0.616 
-0.744 
-0.717 
0.646 
0.805 
-0.537 
-0.878 
0.418 
0.935 
-0.291 
-0.974 
0.158 
0.996 
-0.023 
-0.999 
-0.113 
0.984 
0.246 
-0.950 
-0.375 
0.899 
0.497 
-0.832 
-0.610 
0.749 
0.712 
-0.652 
-0.801 
0.543 
0.874 
-0.425 
-0.932 
0.298 
0.973 
-0.166 
-0.995 
0.031 
0.999 
0.105 
-0.985 
-0.239 
0.953 
0.368 
-0.903 
-0.491 
0.836 
0.604 
-0.754 
-0.707 
0.658 
0.796 
-0.550 
-0.871 
0.432 
0.929 
-0.305 
-0.971 
0.174 
0.994 
-0.038 
-1.000 
-0.097 
0.986 
0.231 
-0.955 
-0.361 
0.906 
0.484 
-0.840 
-0.598 
0.759 
0.701 
-0.664 
-0.791 
0.556 
0.867 
-0.438 
-0.926 
0.313 
0.969 
-0.181 
-0.993 
0.046 
1.000 
0.090 
-0.988 
-0.224 
0.957 
0.354 
-0.909 
-0.477 
0.844 
0.592 
-0.764 
-0.696 
0.669 
0.787 
-0.563 
-0.863 
0.445 
0.924 
-0.320 
-0.967 
0.189 
0.993 
-0.054 
-1.000 
-0.082 
0.989 
0.216 
-0.959 
-0.347 
0.912 
0.470 
-0.848 
-0.586 
0.769 
0.690 
-0.675 
-0.782 
0.569 
0.859 
-0.452 
-0.921 
0.327 
0.965 
-0.196 
-0.992 
0.062 
1.000 
0.074 
-0.990 
-0.209 
0.962 
0.339 
-0.915 
-0.464 
0.852 
0.579 
-0.774 
-0.685 
0.681 
0.777 
-0.575 
-0.855 
0.459 
0.917 
-0.335 
-0.963 
0.204 
0.991 
-0.069 
-1.000 
-0.067 
0.991 
0.201 
-0.964 
-0.332 
0.919 
0.457 
-0.856 
-0.573 
0.779 
0.679 
-0.686 
-0.772 
0.582 
0.851 
-0.466 
-0.914 
0.342 
0.961 
-0.211 
-0.990 
0.077 
1.000 
0.059 
-0.992 
-0.194 
0.966 
0.325 
-0.922 
-0.450 
0.860 
0.567 
-0.783 
-0.673 
0.692 
0.767 
-0.588 
-0.847 
0.473 
0.911 
-0.349 
-0.959 
0.219 
0.988 
-0.085 
-1.000 
-0.051 
0.993 
0.186 
-0.968 
-0.318 
0.924 
0.443 
-0.864 
-0.560 
0.788 
0.668 
-0.698 
-0.762 
0.594 
0.843 
-0.480 
-0.908 
0.356 
0.956 
-0.226 
-0.987 
0.092 
1.000 
0.044 
-0.994 
-0.179 
0.970 
0.310 
-0.927 
-0.436 
0.868 
0.554 
-0.793 
-0.662 
0.703 
0.757 
-0.600 
-0.839 
0.486 
0.905 
-0.363 
-0.954 
0.234 
0.986 
-0.100 
-0.999 
-0.036 
0.995 
0.171 
-0.971 
-0.303 
0.930 
0.429 
-0.872 
-0.548 
0.798 
0.656 
-0.708 
-0.752 
0.606 
0.835 
-0.493 
-0.902 
0.371 
0.952 
-0.241 
-0.985 
0.108 
0.999 
0.028 
-0.995 
-0.163 
0.973 
0.296 
-0.933 
-0.422 
0.876 
0.541 
-0.802 
-0.650 
0.714 
0.747 
-0.612 
-0.830 
0.500 
0.898 
-0.378 
-0.949 
0.249 
0.983 
-0.115 
-0.999 
-0.021 
0.996 
0.156 
-0.975 
-0.288 
0.936 
0.415 
-0.879 
-0.535 
0.807 
0.644 
-0.719 
-0.742 
0.618 
0.826 
-0.506 
-0.895 
0.385 
0.947 
-0.256 
-0.982 
0.123 
0.998 
0.013 
-0.997 
-0.148 
0.977 
0.281 
-0.938 
-0.408 
0.883 
0.528 
-0.811 
-0.638 
0.725 
0.737 
-0.624 
-0.822 
0.513 
0.891 
-0.392 
-0.945 
0.264 
0.980 
-0.130 
-0.998 
-0.005 
0.997 
0.141 
-0.978 
-0.273 
0.941 
0.401 
-0.887 
-0.522 
0.816 
0.632 
-0.730 
-0.732 
0.630 
0.817 
-0.519 
-0.888 
0.399 
0.942 
-0.271 
-0.979 
0.138 
0.998 
-0.003 
-0.998 
-0.133 
0.980 
0.266 
-0.944 
-0.394 
0.890 
0.515 
-0.820 
-0.626 
0.735 
0.726 
-0.636 
-0.813 
0.526 
0.884 
-0.406 
-0.939 
0.278 
0.977 
-0.146 
-0.997 
0.010 
0.998 
0.125 
-0.981 
-0.259 
0.946 
0.387 
-0.894 
-0.508 
0.825 
0.620 
-0.740 
-0.721 
0.642 
0.808 
-0.533 
-0.881 
0.413 
0.937 
-0.286 
-0.975 
0.153 
0.996 
-0.018 
-0.999 
-0.118 
0.983 
0.251 
-0.949 
-0.380 
0.897 
0.502 
-0.829 
-0.614 
0.745 
0.716 
-0.648 
-0.804 
0.539 
0.877 
-0.420 
-0.934 
0.293 
0.974 
-0.161 
-0.996 
0.026 
0.999 
0.110 
-0.984 
-0.244 
0.951 
0.373 
-0.900 
-0.495 
0.833 
0.608 
-0.751 
-0.710 
0.654 
0.799 
-0.546 
-0.873 
0.427 
0.931 
-0.300 
-0.972 
0.168 
0.995 
-0.033 
-0.999 
-0.102 
0.985 
0.236 
-0.953 
-0.366 
0.904 
0.488 
-0.837 
-0.602 
0.756 
0.705 
-0.660 
-0.794 
0.552 
0.869 
-0.434 
-0.928 
0.308 
0.970 
-0.176 
-0.994 
0.041 
1.000 
0.095 
-0.987 
-0.229 
0.956 
0.359 
-0.907 
-0.482 
0.842 
0.596 
-0.761 
-0.699 
0.666 
0.790 
-0.558 
-0.866 
0.441 
0.925 
-0.315 
-0.968 
0.184 
0.993 
-0.049 
-1.000 
-0.087 
0.988 
0.221 
-0.958 
-0.351 
0.910 
0.475 
-0.846 
-0.590 
0.766 
0.694 
-0.671 
-0.785 
0.565 
0.862 
-0.448 
-0.923 
0.322 
0.966 
-0.191 
-0.992 
0.056 
1.000 
0.079 
-0.989 
-0.214 
0.960 
0.344 
-0.913 
-0.468 
0.850 
0.584 
-0.771 
-0.688 
0.677 
0.780 
-0.571 
-0.858 
0.455 
0.920 
-0.330 
-0.964 
0.199 
0.991 
-0.064 
-1.000 
-0.072 
0.990 
0.206 
-0.962 
-0.337 
0.916 
0.461 
-0.854 
-0.577 
0.775 
0.683 
-0.683 
-0.775 
0.577 
0.854 
-0.461 
-0.916 
0.337 
0.962 
-0.206 
-0.990 
0.072 
1.000 
0.064 
-0.991 
-0.199 
0.964 
0.330 
-0.920 
-0.455 
0.858 
0.571 
-0.780 
-0.677 
0.688 
0.771 
-0.584 
-0.850 
0.468 
0.913 
-0.344 
-0.960 
0.214 
0.989 
-0.079 
-1.000 
-0.056 
0.992 
0.191 
-0.966 
-0.322 
0.923 
0.448 
-0.862 
-0.565 
0.785 
0.671 
-0.694 
-0.766 
0.590 
0.846 
-0.475 
-0.910 
0.351 
0.958 
-0.221 
-0.988 
0.087 
1.000 
0.049 
-0.993 
-0.184 
0.968 
0.315 
-0.925 
-0.441 
0.866 
0.558 
-0.790 
-0.666 
0.699 
0.761 
-0.596 
-0.842 
0.482 
0.907 
-0.359 
-0.956 
0.229 
0.987 
-0.095 
-1.000 
-0.041 
0.994 
0.176 
-0.970 
-0.308 
0.928 
0.434 
-0.869 
-0.552 
0.794 
0.660 
-0.705 
-0.756 
0.602 
0.837 
-0.488 
-0.904 
0.366 
0.953 
-0.236 
-0.985 
0.102 
0.999 
0.033 
-0.995 
-0.168 
0.972 
0.300 
-0.931 
-0.427 
0.873 
0.546 
-0.799 
-0.654 
0.710 
0.751 
-0.608 
-0.833 
0.495 
0.900 
-0.373 
-0.951 
0.244 
0.984 
-0.110 
-0.999 
-0.026 
0.996 
0.161 
-0.974 
-0.293 
0.934 
0.420 
-0.877 
-0.539 
0.804 
0.648 
-0.716 
-0.745 
0.614 
0.829 
-0.502 
-0.897 
0.380 
0.949 
-0.251 
-0.983 
0.118 
0.999 
0.018 
-0.996 
-0.153 
0.975 
0.286 
-0.937 
-0.413 
0.881 
0.533 
-0.808 
-0.642 
0.721 
0.740 
-0.620 
-0.825 
0.508 
0.894 
-0.387 
-0.946 
0.259 
0.981 
-0.125 
-0.998 
-0.010 
0.997 
0.146 
-0.977 
-0.278 
0.939 
0.406 
-0.884 
-0.526 
0.813 
0.636 
-0.726 
-0.735 
0.626 
0.820 
-0.515 
-0.890 
0.394 
0.944 
-0.266 
-0.980 
0.133 
0.998 
0.003 
-0.998 
-0.138 
0.979 
0.271 
-0.942 
-0.399 
0.888 
0.519 
-0.817 
-0.630 
0.732 
0.730 
-0.632 
-0.816 
0.522 
0.887 
-0.401 
-0.941 
0.273 
0.978 
-0.141 
-0.997 
0.005 
0.998 
0.130 
-0.980 
-0.264 
0.945 
0.392 
-0.891 
-0.513 
0.822 
0.624 
-0.737 
-0.725 
0.638 
0.811 
-0.528 
-0.883 
0.408 
0.938 
-0.281 
-0.977 
0.148 
0.997 
-0.013 
-0.998 
-0.123 
0.982 
0.256 
-0.947 
-0.385 
0.895 
0.506 
-0.826 
-0.618 
0.742 
0.719 
-0.644 
-0.807 
0.535 
0.879 
-0.415 
-0.936 
0.288 
0.975 
-0.156 
-0.996 
0.021 
0.999 
0.115 
-0.983 
-0.249 
0.949 
0.378 
-0.898 
-0.500 
0.830 
0.612 
-0.747 
-0.714 
0.650 
0.802 
-0.541 
-0.876 
0.422 
0.933 
-0.296 
-0.973 
0.163 
0.995 
-0.028 
-0.999 
-0.108 
0.985 
0.241 
-0.952 
-0.371 
0.902 
0.493 
-0.835 
-0.606 
0.752 
0.708 
-0.656 
-0.798 
0.548 
0.872 
-0.429 
-0.930 
0.303 
0.971 
-0.171 
-0.995 
0.036 
0.999 
0.100 
-0.986 
-0.234 
0.954 
0.363 
-0.905 
-0.486 
0.839 
0.600 
-0.757 
-0.703 
0.662 
0.793 
-0.554 
-0.868 
0.436 
0.927 
-0.310 
-0.970 
0.179 
0.994 
-0.044 
-1.000 
-0.092 
0.987 
0.226 
-0.956 
-0.356 
0.908 
0.480 
-0.843 
-0.594 
0.762 
0.698 
-0.668 
-0.788 
0.560 
0.864 
-0.443 
-0.924 
0.318 
0.968 
-0.186 
-0.993 
0.051 
1.000 
0.085 
-0.988 
-0.219 
0.959 
0.349 
-0.911 
-0.473 
0.847 
0.588 
-0.767 
-0.692 
0.673 
0.783 
-0.567 
-0.860 
0.450 
0.922 
-0.325 
-0.966 
0.194 
0.992 
-0.059 
-1.000 
-0.077 
0.990 
0.211 
-0.961 
-0.342 
0.914 
0.466 
-0.851 
-0.582 
0.772 
0.686 
-0.679 
-0.779 
0.573 
0.856 
-0.457 
-0.919 
0.332 
0.964 
-0.201 
-0.991 
0.067 
1.000 
0.069 
-0.991 
-0.204 
0.963 
0.335 
-0.917 
-0.459 
0.855 
0.575 
-0.777 
-0.681 
0.685 
0.774 
-0.579 
-0.852 
0.464 
0.915 
-0.339 
-0.962 
0.209 
0.990 
-0.074 
-1.000 
-0.062 
0.992 
0.196 
-0.965 
-0.327 
0.921 
0.452 
-0.859 
-0.569 
0.782 
0.675 
-0.690 
-0.769 
0.586 
0.848 
-0.470 
-0.912 
0.347 
0.959 
-0.216 
-0.989 
0.082 
1.000 
0.054 
-0.993 
-0.189 
0.967 
0.320 
-0.924 
-0.445 
0.863 
0.563 
-0.787 
-0.669 
0.696 
0.764 
-0.592 
-0.844 
0.477 
0.909 
-0.354 
-0.957 
0.224 
0.988 
-0.090 
-1.000 
-0.046 
0.993 
0.181 
-0.969 
-0.313 
0.926 
0.438 
-0.867 
-0.556 
0.791 
0.664 
-0.701 
-0.759 
0.598 
0.840 
-0.484 
-0.906 
0.361 
0.955 
-0.231 
-0.986 
0.097 
1.000 
0.038 
-0.994 
-0.174 
0.971 
0.305 
-0.929 
-0.432 
0.871 
0.550 
-0.796 
-0.658 
0.707 
0.754 
-0.604 
-0.836 
0.491 
0.903 
-0.368 
-0.953 
0.239 
0.985 
-0.105 
-0.999 
-0.031 
0.995 
0.166 
-0.973 
-0.298 
0.932 
0.425 
-0.874 
-0.543 
0.801 
0.652 
-0.712 
-0.749 
0.610 
0.832 
-0.497 
-0.899 
0.375 
0.950 
-0.246 
-0.984 
0.113 
0.999 
0.023 
-0.996 
-0.158 
0.974 
0.291 
-0.935 
-0.418 
0.878 
0.537 
-0.805 
-0.646 
0.717 
0.744 
-0.616 
-0.827 
0.504 
0.896 
-0.382 
-0.948 
0.254 
0.982 
-0.120 
-0.999 
-0.015 
0.997 
0.151 
-0.976 
-0.283 
0.938 
0.411 
-0.882 
-0.530 
0.810 
0.640 
-0.723 
-0.739 
0.622 
0.823 
-0.511 
-0.892 
0.389 
0.945 
-0.261 
-0.981 
0.128 
0.998 
0.008 
-0.997 
-0.143 
0.978 
0.276 
-0.940 
-0.404 
0.885 
0.524 
-0.814 
-0.634 
0.728 
0.733 
-0.628 
-0.819 
0.517 
0.889 
-0.397 
-0.943 
0.269 
0.979 
-0.136 
-0.998 
0.000 
0.998 
0.136 
-0.979 
-0.269 
0.943 
0.397 
-0.889 
-0.517 
0.819 
0.628 
-0.733 
-0.728 
0.634 
0.814 
-0.524 
-0.885 
0.404 
0.940 
-0.276 
-0.978 
0.143 
0.997 
-0.008 
-0.998 
-0.128 
0.981 
0.261 
-0.945 
-0.389 
0.892 
0.511 
-0.823 
-0.622 
0.739 
0.723 
-0.640 
-0.810 
0.530 
0.882 
-0.411 
-0.938 
0.283 
0.976 
-0.151 
-0.997 
0.015 
0.999 
0.120 
-0.982 
-0.254 
0.948 
0.382 
-0.896 
-0.504 
0.827 
0.616 
-0.744 
-0.717 
0.646 
0.805 
-0.537 
-0.878 
0.418 
0.935 
-0.291 
-0.974 
0.158 
0.996 
-0.023 
-0.999 
-0.113 
0.984 
0.246 
-0.950 
-0.375 
0.899 
0.497 
-0.832 
-0.610 
0.749 
0.712 
-0.652 
-0.801 
0.543 
0.874 
-0.425 
-0.932 
0.298 
0.973 
-0.166 
-0.995 
0.031 
0.999 
0.105 
-0.985 
-0.239 
0.953 
0.368 
-0.903 
-0.491 
0.836 
0.604 
-0.754 
-0.707 
0.658 
0.796 
-0.550 
-0.871 
0.432 
0.929 
-0.305 
-0.971 
0.174 
0.994 
-0.038 
-1.000 
-0.097 
0.986 
0.231 
-0.955 
-0.361 
0.906 
0.484 
-0.840 
-0.598 
0.759 
0.701 
-0.664 
-0.791 
0.556 
0.867 
-0.438 
-0.926 
0.313 
0.969 
-0.181 
-0.993 
0.046 
1.000 
0.090 
-0.988 
-0.224 
0.957 
0.354 
-0.909 
-0.477 
0.844 
0.592 
-0.764 
-0.696 
0.669 
0.787 
-0.563 
-0.863 
0.445 
0.924 
-0.320 
-0.967 
0.189 
0.993 
-0.054 
-1.000 
-0.082 
0.989 
0.216 
-0.959 
-0.347 
0.912 
0.470 
-0.848 
-0.586 
0.769 
0.690 
-0.675 
-0.782 
0.569 
0.859 
-0.452 
-0.921 
0.327 
0.965 
-0.196 
-0.992 
0.062 
1.000 
0.074 
-0.990 
-0.209 
0.962 
0.339 
-0.915 
-0.464 
0.852 
0.579 
-0.774 
-0.685 
0.681 
0.777 
-0.575 
-0.855 
0.459 
0.917 
-0.335 
-0.963 
0.204 
0.991 
-0.069 
-1.000 
-0.067 
0.991 
0.201 
-0.964 
-0.332 
0.919 
0.457 
-0.856 
-0.573 
0.779 
0.679 
-0.686 
-0.772 
0.582 
0.851 
-0.466 
-0.914 
0.342 
0.961 
-0.211 
-0.990 
0.077 
1.000 
0.059 
-0.992 
-0.194 
0.966 
0.325 
-0.922 
-0.450 
0.860 
0.567 
-0.783 
-0.673 
0.692 
0.767 
-0.588 
-0.847 
0.473 
0.911 
-0.349 
-0.959 
0.219 
0.988 
-0.085 
-1.000 
-0.051 
0.993 
0.186 
-0.968 
-0.318 
0.924 
0.443 
-0.864 
-0.560 
0.788 
0.668 
-0.698 
-0.762 
0.594 
0.843 
-0.480 
-0.908 
0.356 
0.956 
-0.226 
-0.987 
0.092 
1.000 
0.044 
-0.994 
-0.179 
0.970 
0.310 
-0.927 
-0.436 
0.868 
0.554 
-0.793 
-0.662 
0.703 
0.757 
-0.600 
-0.839 
0.486 
0.905 
-0.363 
-0.954 
0.234 
0.986 
-0.100 
-0.999 
-0.036 
0.995 
0.171 
-0.971 
-0.303 
0.930 
0.429 
-0.872 
-0.548 
0.798 
0.656 
-0.708 
-0.752 
0.606 
0.835 
-0.493 
-0.902 
0.371 
0.952 
-0.241 
-0.985 
0.108 
0.999 
0.028 
-0.995 
-0.163 
0.973 
0.296 
-0.933 
-0.422 
0.876 
0.541 
-0.802 
-0.650 
0.714 
0.747 
-0.612 
-0.830 
0.500 
0.898 
-0.378 
-0.949 
0.249 
0.983 
-0.115 
-0.999 
-0.021 
0.996 
0.156 
-0.975 
-0.288 
0.936 
0.415 
-0.879 
-0.535 
0.807 
0.644 
-0.719 
-0.742 
0.618 
0.826 
-0.506 
-0.895 
0.385 
0.947 
-0.256 
-0.982 
0.123 
0.998 
0.013 
-0.997 
-0.148 
0.977 
0.281 
-0.938 
-0.408 
0.883 
0.528 
-0.811 
-0.638 
0.725 
0.737 
-0.624 
-0.822 
0.513 
0.891 
-0.392 
-0.945 
0.264 
0.980 
-0.130 
-0.998 
-0.005 
0.997 
0.141 
-0.978 
-0.273 
0.941 
0.401 
-0.887 
-0.522 
0.816 
0.632 
-0.730 
-0.732 
0.630 
0.817 
-0.519 
-0.888 
0.399 
0.942 
-0.271 
-0.979 
0.138 
0.998 
-0.003 
-0.998 
-0.133 
0.980 
0.266 
-0.944 
-0.394 
0.890 
0.515 
-0.820 
-0.626 
0.735 
0.726 
-0.636 
-0.813 
0.526 
0.884 
-0.406 
-0.939 
0.278 
0.977 
-0.146 
-0.997 
0.010 
0.998 
0.125 
-0.981 
-0.259 
0.946 
0.387 
-0.894 
-0.508 
0.825 
0.620 
-0.740 
-0.721 
0.642 
0.808 
-0.533 
-0.881 
0.413 
0.937 
-0.286 
-0.975 
0.153 
0.996 
-0.018 
-0.999 
-0.118 
0.983 
0.251 
-0.949 
-0.380 
0.897 
0.502 
-0.829 
-0.614 
0.745 
0.716 
-0.648 
-0.804 
0.539 
0.877 
-0.420 
-0.934 
0.293 
0.974 
-0.161 
-0.996 
0.026 
0.999 
0.110 
-0.984 
-0.244 
0.951 
0.373 
-0.900 
-0.495 
0.833 
0.608 
-0.751 
-0.710 
0.654 
0.799 
-0.546 
-0.873 
0.427 
0.931 
-0.300 
-0.972 
0.168 
0.995 
-0.033 
-0.999 
-0.102 
0.985 
0.236 
-0.953 
-0.366 
0.904 
0.488 
-0.837 
-0.602 
0.756 
0.705 
-0.660 
-0.794 
0.552 
0.869 
-0.434 
-0.928 
0.308 
0.970 
-0.176 
-0.994 
0.041 
1.000 
0.095 
-0.987 
-0.229 
0.956 
0.359 
-0.907 
-0.482 
0.842 
0.596 
-0.761 
-0.699 
0.666 
0.790 
-0.558 
-0.866 
0.441 
0.925 
-0.315 
-0.968 
0.184 
0.993 
-0.049 
-1.000 
-0.087 
0.988 
0.221 
-0.958 
-0.351 
0.910 
0.475 
-0.846 
-0.590 
0.766 
0.694 
-0.671 
-0.785 
0.565 
0.862 
-0.448 
-0.923 
0.322 
0.966 
-0.191 
-0.992 
0.056 
1.000 
0.079 
-0.989 
-0.214 
0.960 
0.344 
-0.913 
-0.468 
0.850 
0.584 
-0.771 
-0.688 
0.677 
0.780 
-0.571 
-0.858 
0.455 
0.920 
-0.330 
-0.964 
0.199 
0.991 
-0.064 
-1.000 
-0.072 
0.990 
0.206 
-0.962 
-0.337 
0.916 
0.461 
-0.854 
-0.577 
0.775 
0.683 
-0.683 
-0.775 
0.577 
0.854 
-0.461 
-0.916 
0.337 
0.962 
-0.206 
-0.990 
0.072 
1.000 
0.064 
-0.991 
-0.199 
0.964 
0.330 
-0.920 
-0.455 
0.858 
0.571 
-0.780 
-0.677 
0.688 
0.771 
-0.584 
-0.850 
0.468 
0.913 
-0.344 
-0.960 
0.214 
0.989 
-0.079 
-1.000 
-0.056 
0.992 
0.191 
-0.966 
-0.322 
0.923 
0.448 
-0.862 
-0.565 
0.785 
0.671 
-0.694 
-0.766 
0.590 
0.846 
-0.475 
-0.910 
0.351 
0.958 
-0.221 
-0.988 
0.087 
1.000 
0.049 
-0.993 
-0.184 
0.968 
0.315 
-0.925 
-0.441 
0.866 
0.558 
-0.790 
-0.666 
0.699 
0.761 
-0.596 
-0.842 
0.482 
0.907 
-0.359 
-0.956 
0.229 
0.987 
-0.095 
-1.000 
-0.041 
0.994 
0.176 
-0.970 
-0.308 
0.928 
0.434 
-0.869 
-0.552 
0.794 
0.660 
-0.705 
-0.756 
0.602 
0.837 
-0.488 
-0.904 
0.366 
0.953 
-0.236 
-0.985 
0.102 
0.999 
0.033 
-0.995 
-0.168 
0.972 
0.300 
-0.931 
-0.427 
0.873 
0.546 
-0.799 
-0.654 
0.710 
0.751 
-0.608 
-0.833 
0.495 
0.900 
-0.373 
-0.951 
0.244 
0.984 
-0.110 
-0.999 
-0.026 
0.996 
0.161 
-0.974 
-0.293 
0.934 
0.420 
-0.877 
-0.539 
0.804 
0.648 
-0.716 
-0.745 
0.614 
0.829 
-0.502 
-0.897 
0.380 
0.949 
-0.251 
-0.983 
0.118 
0.999 
0.018 
-0.996 
-0.153 
0.975 
0.286 
-0.937 
-0.413 
0.881 
0.533 
-0.808 
-0.642 
0.721 
0.740 
-0.620 
-0.825 
0.508 
0.894 
-0.387 
-0.946 
0.259 
0.981 
-0.125 
-0.998 
-0.010 
0.997 
0.146 
-0.977 
-0.278 
0.939 
0.406 
-0.884 
-0.526 
0.813 
0.636 
-0.726 
-0.735 
0.626 
0.820 
-0.515 
-0.890 
0.394 
0.944 
-0.266 
-0.980 
0.133 
0.998 
0.003 
-0.998 
-0.138 
0.979 
0.271 
-0.942 
-0.399 
0.888 
0.519 
-0.817 
-0.630 
0.732 
0.730 
-0.632 
-0.816 
0.522 
0.887 
-0.401 
-0.941 
0.273 
0.978 
-0.141 
-0.997 
0.005 
0.998 
0.130 
-0.980 
-0.264 
0.945 
0.392 
-0.891 
-0.513 
0.822 
0.624 
-0.737 
-0.725 
0.638 
0.811 
-0.528 
-0.883 
0.408 
0.938 
-0.281 
-0.977 
0.148 
0.997 
-0.013 
-0.998 
-0.123 
0.982 
0.256 
-0.947 
-0.385 
0.895 
0.506 
-0.826 
-0.618 
0.742 
0.719 
-0.644 
-0.807 
0.535 
0.879 
-0.415 
-0.936 
0.288 
0.975 
-0.156 
-0.996 
0.021 
0.999 
0.115 
-0.983 
-0.249 
0.949 
0.378 
-0.898 
-0.500 
0.830 
0.612 
-0.747 
-0.714 
0.650 
0.802 
-0.541 
-0.876 
0.422 
0.933 
-0.296 
-0.973 
0.163 
0.995 
-0.028 
-0.999 
-0.108 
0.985 
0.241 
-0.952 
-0.371 
0.902 
0.493 
-0.835 
-0.606 
0.752 
0.708 
-0.656 
-0.798 
0.548 
0.872 
-0.429 
-0.930 
0.303 
0.971 
-0.171 
-0.995 
0.036 
0.999 
0.100 
-0.986 
-0.234 
0.954 
0.363 
-0.905 
-0.486 
0.839 
0.600 
-0.757 
-0.703 
0.662 
0.793 
-0.554 
-0.868 
0.436 
0.927 
-0.310 
-0.970 
0.179 
0.994 
-0.044 
-1.000 
-0.092 
0.987 
0.226 
-0.956 
-0.356 
0.908 
0.480 
-0.843 
-0.594 
0.762 
0.698 
-0.668 
-0.788 
0.560 
0.864 
-0.443 
-0.924 
0.318 
0.968 
-0.186 
-0.993 
0.051 
1.000 
0.085 
-0.988 
-0.219 
0.959 
0.349 
-0.911 
-0.473 
0.847 
0.588 
-0.767 
-0.692 
0.673 
0.783 
-0.567 
-0.860 
0.450 
0.922 
-0.325 
-0.966 
0.194 
0.992 
-0.059 
-1.000 
-0.077 
0.990 
0.211 
-0.961 
-0.342 
0.914 
0.466 
-0.851 
-0.582 
0.772 
0.686 
-0.679 
-0.779 
0.573 
0.856 
-0.457 
-0.919 
0.332 
0.964 
-0.201 
-0.991 
0.067 
1.000 
0.069 
-0.991 
-0.204 
0.963 
0.335 
-0.917 
-0.459 
0.855 
0.575 
-0.777 
-0.681 
0.685 
0.774 
-0.579 
-0.852 
0.464 
0.915 
-0.339 
-0.962 
0.209 
0.990 
-0.074 
-1.000 
-0.062 
0.992 
0.196 
-0.965 
-0.327 
0.921 
0.452 
-0.859 
-0.569 
0.782 
0.675 
-0.690 
-0.769 
0.586 
0.848 
-0.470 
-0.912 
0.347 
0.959 
-0.216 
-0.989 
0.082 
1.000 
0.054 
-0.993 
-0.189 
0.967 
0.320 
-0.924 
-0.445 
0.863 
0.563 
-0.787 
-0.669 
0.696 
0.764 
-0.592 
-0.844 
0.477 
0.909 
-0.354 
-0.957 
0.224 
0.988 
-0.090 
-1.000 
-0.046 
0.993 
0.181 
-0.969 
-0.313 
0.926 
0.438 
-0.867 
-0.556 
0.791 
0.664 
-0.701 
-0.759 
0.598 
0.840 
-0.484 
-0.906 
0.361 
0.955 
-0.231 
-0.986 
0.097 
1.000 
0.038 
-0.994 
-0.174 
0.971 
0.305 
-0.929 
-0.432 
0.871 
0.550 
-0.796 
-0.658 
0.707 
0.754 
-0.604 
-0.836 
0.491 
0.903 
-0.368 
-0.953 
0.239 
0.985 
-0.105 
-0.999 
-0.031 
0.995 
0.166 
-0.973 
-0.298 
0.932 
0.425 
-0.874 
-0.543 
0.801 
0.652 
-0.712 
-0.749 
0.610 
0.832 
-0.497 
-0.899 
0.375 
0.950 
-0.246 
-0.984 
0.113 
0.999 
0.023 
-0.996 
-0.158 
0.974 
0.291 
-0.935 
-0.418 
0.878 
0.537 
-0.805 
-0.646 
0.717 
0.744 
-0.616 
-0.827 
0.504 
0.896 
-0.382 
-0.948 
0.254 
0.982 
-0.120 
-0.999 
-0.015 
0.997 
0.151 
-0.976 
-0.283 
0.938 
0.411 
-0.882 
-0.530 
0.810 
0.640 
-0.723 
-0.739 
0.622 
0.823 
-0.511 
-0.892 
0.389 
0.945 
-0.261 
-0.981 
0.128 
0.998 
0.008 
-0.997 
-0.143 
0.978 
0.276 
-0.940 
-0.404 
0.885 
0.524 
-0.814 
-0.634 
0.728 
0.733 
-0.628 
-0.819 
0.517 
0.889 
-0.397 
-0.943 
0.269 
0.979 
-0.136 
-0.998 
0.000 
0.998 
0.136 
-0.979 
-0.269 
0.943 
0.397 
-0.889 
-0.517 
0.819 
0.628 
-0.733 
-0.728 
0.634 
0.814 
-0.524 
-0.885 
0.404 
0.940 
-0.276 
-0.978 
0.143 
0.997 
-0.008 
-0.998 
-0.128 
0.981 
0.261 
-0.945 
-0.389 
0.892 
0.511 
-0.823 
-0.622 
0.739 
0.723 
-0.640 
-0.810 
0.530 
0.882 
-0.411 
-0.938 
0.283 
0.976 
-0.151 
-0.997 
0.015 
0.999 
0.120 
-0.982 
-0.254 
0.948 
0.382 
-0.896 
-0.504 
0.827 
0.616 
-0.744 
-0.717 
0.646 
0.805 
-0.537 
-0.878 
0.418 
0.935 
-0.291 
-0.974 
0.158 
0.996 
-0.023 
-0.999 
-0.113 
0.984 
0.246 
-0.950 
-0.375 
0.899 
0.497 
-0.832 
-0.610 
0.749 
0.712 
-0.652 
-0.801 
0.543 
0.874 
-0.425 
-0.932 
0.298 
0.973 
-0.166 
-0.995 
0.031 
0.999 
0.105 
-0.985 
-0.239 
0.953 
0.368 
-0.903 
-0.491 
0.836 
0.604 
-0.754 
-0.707 
0.658 
0.796 
-0.550 
-0.871 
0.432 
0.929 
-0.305 
-0.971 
0.174 
0.994 
-0.038 
-1.000 
-0.097 
0.986 
0.231 
-0.955 
-0.361 
0.906 
0.484 
-0.840 
-0.598 
0.759 
0.701 
-0.664 
-0.791 
0.556 
0.867 
-0.438 
-0.926 
0.313 
0.969 
-0.181 
-0.993 
0.046 
1.000 
0.090 
-0.988 
-0.224 
0.957 
0.354 
-0.909 
-0.477 
0.844 
0.592 
-0.764 
-0.696 
0.669 
0.787 
-0.563 
-0.863 
0.445 
0.924 
-0.320 
-0.967 
0.189 
0.993 
-0.054 
-1.000 
-0.082 
0.989 
0.216 
-0.959 
-0.347 
0.912 
0.470 
-0.848 
-0.586 
0.769 
0.690 
-0.675 
-0.782 
0.569 
0.859 
-0.452 
-0.921 
0.327 
0.965 
-0.196 
-0.992 
0.062 
1.000 
0.074 
-0.990 
-0.209 
0.962 
0.339 
-0.915 
-0.464 
0.852 
0.579 
-0.774 
-0.685 
0.681 
0.777 
-0.575 
-0.855 
0.459 
0.917 
-0.335 
-0.963 
0.204 
0.991 
-0.069 
-1.000 
-0.067 
0.991 
0.201 
-0.964 
-0.332 
0.919 
0.457 
-0.856 
-0.573 
0.779 
0.679 
-0.686 
-0.772 
0.582 
0.851 
-0.466 
-0.914 
0.342 
0.961 
-0.211 
-0.990 
0.077 
1.000 
0.059 
-0.992 
-0.194 
0.966 
0.325 
-0.922 
-0.450 
0.860 
0.567 
-0.783 
-0.673 
0.692 
0.767 
-0.588 
-0.847 
0.473 
0.911 
-0.349 
-0.959 
0.219 
0.988 
-0.085 
-1.000 
-0.051 
0.993 
0.186 
-0.968 
-0.318 
0.924 
0.443 
-0.864 
-0.560 
0.788 
0.668 
-0.698 
-0.762 
0.594 
0.843 
-0.480 
-0.908 
0.356 
0.956 
-0.226 
-0.987 
0.092 
1.000 
0.044 
-0.994 
-0.179 
0.970 
0.310 
-0.927 
-0.436 
0.868 
0.554 
-0.793 
-0.662 
0.703 
0.757 
-0.600 
-0.839 
0.486 
0.905 
-0.363 
-0.954 
0.234 
0.986 
-0.100 
-0.999 
-0.036 
0.995 
0.171 
-0.971 
-0.303 
0.930 
0.429 
-0.872 
-0.548 
0.798 
0.656 
-0.708 
-0.752 
0.606 
0.835 
-0.493 
-0.902 
0.371 
0.952 
-0.241 
-0.985 
0.108 
0.999 
0.028 
-0.995 
-0.163 
0.973 
0.296 
-0.933 
-0.422 
0.876 
0.541 
-0.802 
-0.650 
0.714 
0.747 
-0.612 
-0.830 
0.500 
0.898 
-0.378 
-0.949 
0.249 
0.983 
-0.115 
-0.999 
-0.021 
0.996 
0.156 
-0.975 
-0.288 
0.936 
0.415 
-0.879 
-0.535 
0.807 
0.644 
-0.719 
-0.742 
0.618 
0.826 
-0.506 
-0.895 
0.385 
0.947 
-0.256 
-0.982 
0.123 
0.998 
0.013 
-0.997 
-0.148 
0.977 
0.281 
-0.938 
-0.408 
0.883 
0.528 
-0.811 
-0.638 
0.725 
0.737 
-0.624 
-0.822 
0.513 
0.891 
-0.392 
-0.945 
0.264 
0.980 
-0.130 
-0.998 
-0.005 
0.997 
0.141 
-0.978 
-0.273 
0.941 
0.401 
-0.887 
-0.522 
0.816 
0.632 
-0.730 
-0.732 
0.630 
0.817 
-0.519 
-0.888 
0.399 
0.942 
-0.271 
-0.979 
0.138 
0.998 
-0.003 
-0.998 
-0.133 
0.980 
0.266 
-0.944 
-0.394 
0.890 
0.515 
-0.820 
-0.626 
0.735 
0.726 
-0.636 
-0.813 
0.526 
0.884 
-0.406 
-0.939 
0.278 
0.977 
-0.146 
-0.997 
0.010 
0.998 
0.125 
-0.981 
-0.259 
0.946 
0.387 
-0.894 
-0.508 
0.825 
0.620 
-0.740 
-0.721 
0.642 
0.808 
-0.533 
-0.881 
0.413 
0.937 
-0.286 
-0.975 
0.153 
0.996 
-0.018 
-0.999 
-0.118 
0.983 
0.251 
-0.949 
-0.380 
0.897 
0.502 
-0.829 
-0.614 
0.745 
0.716 
-0.648 
-0.804 
0.539 
0.877 
-0.420 
-0.934 
0.293 
0.974 
-0.161 
-0.996 
0.026 
0.999 
0.110 
-0.984 
-0.244 
0.951 
0.373 
-0.900 
-0.495 
0.833 
0.608 
-0.751 
-0.710 
0.654 
0.799 
-0.546 
-0.873 
0.427 
0.931 
-0.300 
-0.972 
0.168 
0.995 
-0.033 
-0.999 
-0.102 
0.985 
0.236 
-0.953 
-0.366 
0.904 
0.488 
-0.837 
-0.602 
0.756 
0.705 
-0.660 
-0.794 
0.552 
0.869 
-0.434 
-0.928 
0.308 
0.970 
-0.176 
-0.994 
0.041 
1.000 
0.095 
-0.987 
-0.229 
0.956 
0.359 
-0.907 
-0.482 
0.842 
0.596 
-0.761 
-0.699 
0.666 
0.790 
-0.558 
-0.866 
0.441 
0.925 
-0.315 
-0.968 
0.184 
0.993 
-0.049 
-1.000 
-0.087 
0.988 
0.221 
-0.958 
-0.351 
0.910 
0.475 
-0.846 
-0.590 
0.766 
0.694 
-0.671 
-0.785 
0.565 
0.862 
-0.448 
-0.923 
0.322 
0.966 
-0.191 
-0.992 
0.056 
1.000 
0.079 
-0.989 
-0.214 
0.960 
0.344 
-0.913 
-0.468 
0.850 
0.584 
-0.771 
-0.688 
0.677 
0.780 
-0.571 
-0.858 
0.455 
0.920 
-0.330 
-0.964 
0.199 
0.991 
-0.064 
-1.000 
-0.072 
0.990 
0.206 
-0.962 
-0.337 
0.916 
0.461 
-0.854 
-0.577 
0.775 
0.683 
-0.683 
-0.775 
0.577 
0.854 
-0.461 
-0.916 
0.337 
0.962 
-0.206 
-0.990 
0.072 
1.000 
0.064 
-0.991 
-0.199 
0.964 
0.330 
-0.920 
-0.455 
0.858 
0.571 
-0.780 
-0.677 
0.688 
0.771 
-0.584 
-0.850 
0.468 
0.913 
-0.344 
-0.960 
0.214 
0.989 
-0.079 
-1.000 
-0.056 
0.992 
0.191 
-0.966 
-0.322 
0.923 
0.448 
-0.862 
-0.565 
0.785 
0.671 
-0.694 
-0.766 
0.590 
0.846 
-0.475 
-0.910 
0.351 
0.958 
-0.221 
-0.988 
0.087 
1.000 
0.049 
-0.993 
-0.184 
0.968 
0.315 
-0.925 
-0.441 
0.866 
0.558 
-0.790 
-0.666 
0.699 
0.761 
-0.596 
-0.842 
0.482 
0.907 
-0.359 
-0.956 
0.229 
0.987 
-0.095 
-1.000 
-0.041 
0.994 
0.176 
-0.970 
-0.308 
0.928 
0.434 
-0.869 
-0.552 
0.794 
0.660 
-0.705 
-0.756 
0.602 
0.837 
-0.488 
-0.904 
0.366 
0.953 
-0.236 
-0.985 
0.102 
0.999 
0.033 
-0.995 
-0.168 
0.972 
0.300 
-0.931 
-0.427 
0.873 
0.546 
-0.799 
-0.654 
0.710 
0.751 
-0.608 
-0.833 
0.495 
0.900 
-0.373 
-0.951 
0.244 
0.984 
-0.110 
-0.999 
-0.026 
0.996 
0.161 
-0.974 
-0.293 
0.934 
0.420 
-0.877 
-0.539 
0.804 
0.648 
-0.716 
-0.745 
0.614 
0.829 
-0.502 
-0.897 
0.380 
0.949 
-0.251 
-0.983 
0.118 
0.999 
0.018 
-0.996 
-0.153 
0.975 
0.286 
-0.937 
-0.413 
0.881 
0.533 
-0.808 
-0.642 
0.721 
0.740 
-0.620 
-0.825 
0.508 
0.894 
-0.387 
-0.946 
0.259 
0.981 
-0.125 
-0.998 
-0.010 
0.997 
0.146 
-0.977 
-0.278 
0.939 
0.406 
-0.884 
-0.526 
0.813 
0.636 
-0.726 
-0.735 
0.626 
0.820 
-0.515 
-0.890 
0.394 
0.944 
-0.266 
-0.980 
0.133 
0.998 
0.003 
-0.998 
-0.138 
0.979 
0.271 
-0.942 
-0.399 
0.888 
0.519 
-0.817 
-0.630 
0.732 
0.730 
-0.632 
-0.816 
0.522 
0.887 
-0.401 
-0.941 
0.273 
0.978 
-0.141 
-0.997 
0.005 
0.998 
0.130 
-0.980 
-0.264 
0.945 
0.392 
-0.891 
-0.513 
0.822 
0.624 
-0.737 
-0.725 
0.638 
0.811 
-0.528 
-0.883 
0.408 
0.938 
-0.281 
-0.977 
0.148 
0.997 
-0.013 
-0.998 
-0.123 
0.982 
0.256 
-0.947 
-0.385 
0.895 
0.506 
-0.826 
-0.618 
0.742 
0.719 
-0.644 
-0.807 
0.535 
0.879 
-0.415 
-0.936 
0.288 
0.975 
-0.156 
-0.996 
0.021 
0.999 
0.115 
-0.983 
-0.249 
0.949 
0.378 
-0.898 
-0.500 
0.830 
0.612 
-0.747 
-0.714 
0.650 
0.802 
-0.541 
-0.876 
0.422 
0.933 
-0.296 
-0.973 
0.163 
0.995 
-0.028 
-0.999 
-0.108 
0.985 
0.241 
-0.952 
-0.371 
0.902 
0.493 
-0.835 
-0.606 
0.752 
0.708 
-0.656 
-0.798 
0.548 
0.872 
-0.429 
-0.930 
0.303 
0.971 
-0.171 
-0.995 
0.036 
0.999 
0.100 
-0.986 
-0.234 
0.954 
0.363 
-0.905 
-0.486 
0.839 
0.600 
-0.757 
-0.703 
0.662 
0.793 
-0.554 
-0.868 
0.436 
0.927 
-0.310 
-0.970 
0.179 
0.994 
-0.044 
-1.000 
-0.092 
0.987 
0.226 
-0.956 
-0.356 
0.908 
0.480 
-0.843 
-0.594 
0.762 
0.698 
-0.668 
-0.788 
0.560 
0.864 
-0.443 
-0.924 
0.318 
0.968 
-0.186 
-0.993 
0.051 
1.000 
0.085 
-0.988 
-0.219 
0.959 
0.349 
-0.911 
-0.473 
0.847 
0.588 
-0.767 
-0.692 
0.673 
0.783 
-0.567 
-0.860 
0.450 
0.922 
-0.325 
-0.966 
0.194 
0.992 
-0.059 
-1.000 
-0.077 
0.990 
0.211 
-0.961 
-0.342 
0.914 
0.466 
-0.851 
-0.582 
0.772 
0.686 
-0.679 
-0.779 
0.573 
0.856 
-0.457 
-0.919 
0.332 
0.964 
-0.201 
-0.991 
0.067 
1.000 
0.069 
-0.991 
-0.204 
0.963 
0.335 
-0.917 
-0.459 
0.855 
0.575 
-0.777 
-0.681 
0.685 
0.774 
-0.579 
-0.852 
0.464 
0.915 
-0.339 
-0.962 
0.209 
0.990 
-0.074 
-1.000 
-0.062 
0.992 
0.196 
-0.965 
-0.327 
0.921 
0.452 
-0.859 
-0.569 
0.782 
0.675 
-0.690 
-0.769 
0.586 
0.848 
-0.470 
-0.912 
0.347 
0.959 
-0.216 
-0.989 
0.082 
1.000 
0.054 
-0.993 
-0.189 
0.967 
0.320 
-0.924 
-0.445 
0.863 
0.563 
-0.787 
-0.669 
0.696 
0.764 
-0.592 
-0.844 
0.477 
0.909 
-0.354 
-0.957 
0.224 
0.988 
-0.090 
-1.000 
-0.046 
0.993 
0.181 
-0.969 
-0.313 
0.926 
0.438 
-0.867 
-0.556 
0.791 
0.664 
-0.701 
-0.759 
0.598 
0.840 
-0.484 
-0.906 
0.361 
0.955 
-0.231 
-0.986 
0.097 
1.000 
0.038 
-0.994 
-0.174 
0.971 
0.305 
-0.929 
-0.432 
0.871 
0.550 
-0.796 
-0.658 
0.707 
0.754 
-0.604 
-0.836 
0.491 
0.903 
-0.368 
-0.953 
0.239 
0.985 
-0.105 
-0.999 
-0.031 
0.995 
0.166 
-0.973 
-0.298 
0.932 
0.425 
-0.874 
-0.543 
0.801 
0.652 
-0.712 
-0.749 
0.610 
0.832 
-0.497 
-0.899 
0.375 
0.950 
-0.246 
-0.984 
0.113 
0.999 
0.023 
-0.996 
-0.158 
0.974 
0.291 
-0.935 
-0.418 
0.878 
0.537 
-0.805 
-0.646 
0.717 
0.744 
-0.616 
-0.827 
0.504 
0.896 
-0.382 
-0.948 
0.254 
0.982 
-0.120 
-0.999 
-0.015 
0.997 
0.151 
-0.976 
-0.283 
0.938 
0.411 
-0.882 
-0.530 
0.810 
0.640 
-0.723 
-0.739 
0.622 
0.823 
-0.511 
-0.892 
0.389 
0.945 
-0.261 
-0.981 
0.128 
0.998 
0.008 
-0.997 
-0.143 
0.978 
0.276 
-0.940 
-0.404 
0.885 
0.524 
-0.814 
-0.634 
0.728 
0.733 
-0.628 
-0.819 
0.517 
0.889 
-0.397 
-0.943 
0.269 
0.979 
-0.136 
-0.998 
0.000 
0.998 
0.136 
-0.979 
-0.269 
0.943 
0.397 
-0.889 
-0.517 
0.819 
0.628 
-0.733 
-0.728 
0.634 
0.814 
-0.524 
-0.885 
0.404 
0.940 
-0.276 
-0.978 
0.143 
0.997 
-0.008 
-0.998 
-0.128 
0.981 
0.261 
-0.945 
-0.389 
0.892 
0.511 
-0.823 
-0.622 
0.739 
0.723 
-0.640 
-0.810 
0.530 
0.882 
-0.411 
-0.938 
0.283 
0.976 
-0.151 
-0.997 
0.015 
0.999 
0.120 
-0.982 
-0.254 
0.948 
0.382 
-0.896 
-0.504 
0.827 
0.616 
-0.744 
-0.717 
0.646 
0.805 
-0.537 
-0.878 
0.418 
0.935 
-0.291 
-0.974 
0.158 
0.996 
-0.023 
-0.999 
-0.113 
0.984 
0.246 
-0.950 
-0.375 
0.899 
0.497 
-0.832 
-0.610 
0.749 
0.712 
-0.652 
-0.801 
0.543 
0.874 
-0.425 
-0.932 
0.298 
0.973 
-0.166 
-0.995 
0.031 
0.999 
0.105 
-0.985 
-0.239 
0.953 
0.368 
-0.903 
-0.491 
0.836 
0.604 
-0.754 
-0.707 
0.658 
0.796 
-0.550 
-0.871 
0.432 
0.929 
-0.305 
-0.971 
0.174 
0.994 
-0.038 
-1.000 
-0.097 
0.986 
0.231 
-0.955 
-0.361 
0.906 
0.484 
-0.840 
-0.598 
0.759 
0.701 
-0.664 
-0.791 
0.556 
0.867 
-0.438 
-0.926 
0.313 
0.969 
-0.181 
-0.993 
0.046 
1.000 
0.090 
-0.988 
-0.224 
0.957 
0.354 
-0.909 
-0.477 
0.844 
0.592 
-0.764 
-0.696 
0.669 
0.787 
-0.563 
-0.863 
0.445 
0.924 
-0.320 
-0.967 
0.189 
0.993 
-0.054 
-1.000 
-0.082 
0.989 
0.216 
-0.959 
-0.347 
0.912 
0.470 
-0.848 
-0.586 
0.769 
0.690 
-0.675 
-0.782 
0.569 
0.859 
-0.452 
-0.921 
0.327 
0.965 
-0.196 
-0.992 
0.062 
1.000 
0.074 
-0.990 
-0.209 
0.962 
0.339 
-0.915 
-0.464 
0.852 
0.579 
-0.774 
-0.685 
0.681 
0.777 
-0.575 
-0.855 
0.459 
0.917 
-0.335 
-0.963 
0.204 
0.991 
-0.069 
-1.000 
-0.067 
0.991 
0.201 
-0.964 
-0.332 
0.919 
0.457 
-0.856 
-0.573 
0.779 
0.679 
-0.686 
-0.772 
0.582 
0.851 
-0.466 
-0.914 
0.342 
0.961 
-0.211 
-0.990 
0.077 
1.000 
0.059 
-0.992 
-0.194 
0.966 
0.325 
-0.922 
-0.450 
0.860 
0.567 
-0.783 
-0.673 
0.692 
0.767 
-0.588 
-0.847 
0.473 
0.911 
-0.349 
-0.959 
0.219 
0.988 
-0.085 
-1.000 
-0.051 
0.993 
0.186 
-0.968 
-0.318 
0.924 
0.443 
-0.864 
-0.560 
0.788 
0.668 
-0.698 
-0.762 
0.594 
0.843 
-0.480 
-0.908 
0.356 
0.956 
-0.226 
-0.987 
0.092 
1.000 
0.044 
-0.994 
-0.179 
0.970 
0.310 
-0.927 
-0.436 
0.868 
0.554 
-0.793 
-0.662 
0.703 
0.757 
-0.600 
-0.839 
0.486 
0.905 
-0.363 
-0.954 
0.234 
0.986 
-0.100 
-0.999 
-0.036 
0.995 
0.171 
-0.971 
-0.303 
0.930 
0.429 
-0.872 
-0.548 
0.798 
0.656 
-0.708 
-0.752 
0.606 
0.835 
-0.493 
-0.902 
0.371 
0.952 
-0.241 
-0.985 
0.108 
0.999 
0.028 
-0.995 
-0.163 
0.973 
0.296 
-0.933 
-0.422 
0.876 
0.541 
-0.802 
-0.650 
0.714 
0.747 
-0.612 
-0.830 
0.500 
0.898 
-0.378 
-0.949 
0.249 
0.983 
-0.115 
-0.999 
-0.021 
0.996 
0.156 
-0.975 
-0.288 
0.936 
0.415 
-0.879 
-0.535 
0.807 
0.644 
-0.719 
-0.742 
0.618 
0.826 
-0.506 
-0.895 
0.385 
0.947 
-0.256 
-0.982 
0.123 
0.998 
0.013 
-0.997 
-0.148 
0.977 
0.281 
-0.938 
-0.408 
0.883 
0.528 
-0.811 
-0.638 
0.725 
0.737 
-0.624 
-0.822 
0.513 
0.891 
-0.392 
-0.945 
0.264 
0.980 
-0.130 
-0.998 
-0.005 
0.997 
0.141 
-0.978 
-0.273 
0.941 
0.401 
-0.887 
-0.522 
0.816 
0.632 
-0.730 
-0.732 
0.630 
0.817 
-0.519 
-0.888 
0.399 
0.942 
-0.271 
-0.979 
0.138 
0.998 
-0.003 
-0.998 
-0.133 
0.980 
0.266 
-0.944 
-0.394 
0.890 
0.515 
-0.820 
-0.626 
0.735 
0.726 
-0.636 
-0.813 
0.526 
0.884 
-0.406 
-0.939 
0.278 
0.977 
-0.146 
-0.997 
0.010 
0.998 
0.125 
-0.981 
-0.259 
0.946 
0.387 
-0.894 
-0.508 
0.825 
0.620 
-0.740 
-0.721 
0.642 
0.808 
-0.533 
-0.881 
0.413 
0.937 
-0.286 
-0.975 
0.153 
0.996 
-0.018 
-0.999 
-0.118 
0.983 
0.251 
-0.949 
-0.380 
0.897 
0.502 
-0.829 
-0.614 
0.745 
0.716 
-0.648 
-0.804 
0.539 
0.877 
-0.420 
-0.934 
0.293 
0.974 
-0.161 
-0.996 
0.026 
0.999 
0.110 
-0.984 
-0.244 
0.951 
0.373 
-0.900 
-0.495 
0.833 
0.608 
-0.751 
-0.710 
0.654 
0.799 
-0.546 
-0.873 
0.427 
0.931 
-0.300 
-0.972 
0.168 
0.995 
-0.033 
-0.999 
-0.102 
0.985 
0.236 
-0.953 
-0.366 
0.904 
0.488 
-0.837 
-0.602 
0.756 
0.705 
-0.660 
-0.794 
0.552 
0.869 
-0.434 
-0.928 
0.308 
0.970 
-0.176 
-0.994 
0.041 
1.000 
0.095 
-0.987 
-0.229 
0.956 
0.359 
-0.907 
-0.482 
0.842 
0.596 
-0.761 
-0.699 
0.666 
0.790 
-0.558 
-0.866 
0.441 
0.925 
-0.315 
-0.968 
0.184 
0.993 
-0.049 
-1.000 
-0.087 
0.988 
0.221 
-0.958 
-0.351 
0.910 
0.475 
-0.846 
-0.590 
0.766 
0.694 
-0.671 
-0.785 
0.565 
0.862 
-0.448 
-0.923 
0.322 
0.966 
-0.191 
-0.992 
0.056 
1.000 
0.079 
-0.989 
-0.214 
0.960 
0.344 
-0.913 
-0.468 
0.850 
0.584 
-0.771 
-0.688 
0.677 
0.780 
-0.571 
-0.858 
0.455 
0.920 
-0.330 
-0.964 
0.199 
0.991 
-0.064 
-1.000 
-0.072 
0.990 
0.206 
-0.962 
-0.337 
0.916 
0.461 
-0.854 
-0.577 
0.775 
0.683 
-0.683 
-0.775 
0.577 
0.854 
-0.461 
-0.916 
0.337 
0.962 
-0.206 
-0.990 
0.072 
1.000 
0.064 
-0.991 
-0.199 
0.964 
0.330 
-0.920 
-0.455 
0.858 
0.571 
-0.780 
-0.677 
0.688 
0.771 
-0.584 
-0.850 
0.468 
0.913 
-0.344 
-0.960 
0.214 
0.989 
-0.079 
-1.000 
-0.056 
0.992 
0.191 
-0.966 
-0.322 
0.923 
0.448 
-0.862 
-0.565 
0.785 
0.671 
-0.694 
-0.766 
0.590 
0.846 
-0.475 
-0.910 
0.351 
0.958 
-0.221 
-0.988 
0.087 
1.000 
0.049 
-0.993 
-0.184 
0.968 
0.315 
-0.925 
-0.441 
0.866 
0.558 
-0.790 
-0.666 
0.699 
0.761 
-0.596 
-0.842 
0.482 
0.907 
-0.359 
-0.956 
0.229 
0.987 
-0.095 
-1.000 
-0.041 
0.994 
0.176 
-0.970 
-0.308 
0.928 
0.434 
-0.869 
-0.552 
0.794 
0.660 
-0.705 
-0.756 
0.602 
0.837 
-0.488 
-0.904 
0.366 
0.953 
-0.236 
-0.985 
0.102 
0.999 
0.033 
-0.995 
-0.168 
0.972 
0.300 
-0.931 
-0.427 
0.873 
0.546 
-0.799 
-0.654 
0.710 
0.751 
-0.608 
-0.833 
0.495 
0.900 
-0.373 
-0.951 
0.244 
0.984 
-0.110 
-0.999 
-0.026 
0.996 
0.161 
-0.974 
-0.293 
0.934 
0.420 
-0.877 
-0.539 
0.804 
0.648 
-0.716 
-0.745 
0.614 
0.829 
-0.502 
-0.897 
0.380 
0.949 
-0.251 
-0.983 
0.118 
0.999 
0.018 
-0.996 
-0.153 
0.975 
0.286 
-0.937 
-0.413 
0.881 
0.533 
-0.808 
-0.642 
0.721 
0.740 
-0.620 
-0.825 
0.508 
0.894 
-0.387 
-0.946 
0.259 
0.981 
-0.125 
-0.998 
-0.010 
0.997 
0.146 
-0.977 
-0.278 
0.939 
0.406 
-0.884 
-0.526 
0.813 
0.636 
-0.726 
-0.735 
0.626 
0.820 
-0.515 
-0.890 
0.394 
0.944 
-0.266 
-0.980 
0.133 
0.998 
0.003 
-0.998 
-0.138 
0.979 
0.271 
-0.942 
-0.399 
0.888 
0.519 
-0.817 
-0.630 
0.732 
0.730 
-0.632 
-0.816 
0.522 
0.887 
-0.401 
-0.941 
0.273 
0.978 
-0.141 
-0.997 
0.005 
0.998 
0.130 
-0.980 
-0.264 
0.945 
0.392 
-0.891 
-0.513 
0.822 
0.624 
-0.737 
-0.725 
0.638 
0.811 
-0.528 
-0.883 
0.408 
0.938 
-0.281 
-0.977 
0.148 
0.997 
-0.013 
-0.998 
-0.123 
0.982 
0.256 
-0.947 
-0.385 
0.895 
0.506 
-0.826 
-0.618 
0.742 
0.719 
-0.644 
-0.807 
0.535 
0.879 
-0.415 
-0.936 
0.288 
0.975 
-0.156 
-0.996 
0.021 
0.999 
0.115 
-0.983 
-0.249 
0.949 
0.378 
-0.898 
-0.500 
0.830 
0.612 
-0.747 
-0.714 
0.650 
0.802 
-0.541 
-0.876 
0.422 
0.933 
-0.296 
-0.973 
0.163 
0.995 
-0.028 
-0.999 
-0.108 
0.985 
0.241 
-0.952 
-0.371 
0.902 
0.493 
-0.835 
-0.606 
0.752 
0.708 
-0.656 
-0.798 
0.548 
0.872 
-0.429 
-0.930 
0.303 
0.971 
-0.171 
-0.995 
0.036 
0.999 
0.100 
-0.986 
-0.234 
0.954 
0.363 
-0.905 
-0.486 
0.839 
0.600 
-0.757 
-0.703 
0.662 
0.793 
-0.554 
-0.868 
0.436 
0.927 
-0.310 
-0.970 
0.179 
0.994 
-0.044 
-1.000 
-0.092 
0.987 
0.226 
-0.956 
-0.356 
0.908 
0.480 
-0.843 
-0.594 
0.762 
0.698 
-0.668 
-0.788 
0.560 
0.864 
-0.443 
-0.924 
0.318 
0.968 
-0.186 
-0.993 
0.051 
1.000 
0.085 
-0.988 
-0.219 
0.959 
0.349 
-0.911 
-0.473 
0.847 
0.588 
-0.767 
-0.692 
0.673 
0.783 
-0.567 
-0.860 
0.450 
0.922 
-0.325 
-0.966 
0.194 
0.992 
-0.059 
-1.000 
-0.077 
0.990 
0.211 
-0.961 
-0.342 
0.914 
0.466 
-0.851 
-0.582 
0.772 
0.686 
-0.679 
-0.779 
0.573 
0.856 
-0.457 
-0.919 
0.332 
0.964 
-0.201 
-0.991 
0.067 
1.000 
0.069 
-0.991 
-0.204 
0.963 
0.335 
-0.917 
-0.459 
0.855 
0.575 
-0.777 
-0.681 
0.685 
0.774 
-0.579 
-0.852 
0.464 
0.915 
-0.339 
-0.962 
0.209 
0.990 
-0.074 
-1.000 
-0.062 
0.992 
0.196 
-0.965 
-0.327 
0.921 
0.452 
-0.859 
-0.569 
0.782 
0.675 
-0.690 
-0.769 
0.586 
0.848 
-0.470 
-0.912 
0.347 
0.959 
-0.216 
-0.989 
0.082 
1.000 
0.054 
-0.993 
-0.189 
0.967 
0.320 
-0.924 
-0.445 
0.863 
0.563 
-0.787 
-0.669 
0.696 
0.764 
-0.592 
-0.844 
0.477 
0.909 
-0.354 
-0.957 
0.224 
0.988 
-0.090 
-1.000 
-0.046 
0.993 
0.181 
-0.969 
-0.313 
0.926 
0.438 
-0.867 
-0.556 
0.791 
0.664 
-0.701 
-0.759 
0.598 
0.840 
-0.484 
-0.906 
0.361 
0.955 
-0.231 
-0.986 
0.097 
1.000 
0.038 
-0.994 
-0.174 
0.971 
0.305 
-0.929 
-0.432 
0.871 
0.550 
-0.796 
-0.658 
0.707 
0.754 
-0.604 
-0.836 
0.491 
0.903 
-0.368 
-0.953 
0.239 
0.985 
-0.105 
-0.999 
-0.031 
0.995 
0.166 
-0.973 
-0.298 
0.932 
0.425 
-0.874 
-0.543 
0.801 
0.652 
-0.712 
-0.749 
0.610 
0.832 
-0.497 
-0.899 
0.375 
0.950 
-0.246 
-0.984 
0.113 
0.999 
0.023 
-0.996 
-0.158 
0.974 
0.291 
-0.935 
-0.418 
0.878 
0.537 
-0.805 
-0.646 
0.717 
0.744 
-0.616 
-0.827 
0.504 
0.896 
-0.382 
-0.948 
0.254 
0.982 
-0.120 
-0.999 
-0.015 
0.997 
0.151 
-0.976 
-0.283 
0.938 
0.411 
-0.882 
-0.530 
0.810 
0.640 
-0.723 
-0.739 
0.622 
0.823 
-0.511 
-0.892 
0.389 
0.945 
-0.261 
-0.981 
0.128 
0.998 
0.008 
-0.997 
-0.143 
0.978 
0.276 
-0.940 
-0.404 
0.885 
0.524 
-0.814 
-0.634 
0.728 
0.733 
-0.628 
-0.819 
0.517 
0.889 
-0.397 
-0.943 
0.269 
0.979 
-0.136 
-0.998 
0.000 
0.998 
0.136 
-0.979 
-0.269 
0.943 
0.397 
-0.889 
-0.517 
0.819 
0.628 
-0.733 
-0.728 
0.634 
0.814 
-0.524 
-0.885 
0.404 
0.940 
-0.276 
-0.978 
0.143 
0.997 
-0.008 
-0.998 
-0.128 
0.981 
0.261 
-0.945 
-0.389 
0.892 
0.511 
-0.823 
-0.622 
0.739 
0.723 
-0.640 
-0.810 
0.530 
0.882 
-0.411 
-0.938 
0.283 
0.976 
-0.151 
-0.997 
0.015 
0.999 
0.120 
-0.982 
-0.254 
0.948 
0.382 
-0.896 
-0.504 
0.827 
0.616 
-0.744 
-0.717 
0.646 
0.805 
-0.537 
-0.878 
0.418 
0.935 
-0.291 
-0.974 
0.158 
0.996 
-0.023 
-0.999 
-0.113 
0.984 
0.246 
-0.950 
-0.375 
0.899 
0.497 
-0.832 
-0.610 
0.749 
0.712 
-0.652 
-0.801 
0.543 
0.874 
-0.425 
-0.932 
0.298 
0.973 
-0.166 
-0.995 
0.031 
0.999 
0.105 
-0.985 
-0.239 
0.953 
0.368 
-0.903 
-0.491 
0.836 
0.604 
-0.754 
-0.707 
0.658 
0.796 
-0.550 
-0.871 
0.432 
0.929 
-0.305 
-0.971 
0.174 
0.994 
-0.038 
-1.000 
-0.097 
0.986 
0.231 
-0.955 
-0.361 
0.906 
0.484 
-0.840 
-0.598 
0.759 
0.701 
-0.664 
-0.791 
0.556 
0.867 
-0.438 
-0.926 
0.313 
0.969 
-0.181 
-0.993 
0.046 
1.000 
0.090 
-0.988 
-0.224 
0.957 
0.354 
-0.909 
-0.477 
0.844 
0.592 
-0.764 
-0.696 
0.669 
0.787 
-0.563 
-0.863 
0.445 
0.924 
-0.320 
-0.967 
0.189 
0.993 
-0.054 
-1.000 
-0.082 
0.989 
0.216 
-0.959 
-0.347 
0.912 
0.470 
-0.848 
-0.586 
0.769 
0.690 
-0.675 
-0.782 
0.569 
0.859 
-0.452 
-0.921 
0.327 
0.965 
-0.196 
-0.992 
0.062 
1.000 
0.074 
-0.990 
-0.209 
0.962 
0.339 
-0.915 
-0.464 
0.852 
0.579 
-0.774 
-0.685 
0.681 
0.777 
-0.575 
-0.855 
0.459 
0.917 
-0.335 
-0.963 
0.204 
0.991 
-0.069 
-1.000 
-0.067 
0.991 
0.201 
-0.964 
-0.332 
0.919 
0.457 
-0.856 
-0.573 
0.779 
0.679 
-0.686 
-0.772 
0.582 
0.851 
-0.466 
-0.914 
0.342 
0.961 
-0.211 
-0.990 
0.077 
1.000 
0.059 
-0.992 
-0.194 
0.966 
0.325 
-0.922 
-0.450 
0.860 
0.567 
-0.783 
-0.673 
0.692 
0.767 
-0.588 
-0.847 
0.473 
0.911 
-0.349 
-0.959 
0.219 
0.988 
-0.085 
-1.000 
-0.051 
0.993 
0.186 
-0.968 
-0.318 
0.924 
0.443 
-0.864 
-0.560 
0.788 
0.668 
-0.698 
-0.762 
0.594 
0.843 
-0.480 
-0.908 
0.356 
0.956 
-0.226 
-0.987 
0.092 
1.000 
0.044 
-0.994 
-0.179 
0.970 
0.310 
-0.927 
-0.436 
0.868 
0.554 
-0.793 
-0.662 
0.703 
0.757 
-0.600 
-0.839 
0.486 
0.905 
-0.363 
-0.954 
0.234 
0.986 
-0.100 
-0.999 
-0.036 
0.995 
0.171 
-0.971 
-0.303 
0.930 
0.429 
-0.872 
-0.548 
0.798 
0.656 
-0.708 
-0.752 
0.606 
0.835 
-0.493 
-0.902 
0.371 
0.952 
-0.241 
-0.985 
0.108 
0.999 
0.028 
-0.995 
-0.163 
0.973 
0.296 
-0.933 
-0.422 
0.876 
0.541 
-0.802 
-0.650 
0.714 
0.747 
-0.612 
-0.830 
0.500 
0.898 
-0.378 
-0.949 
0.249 
0.983 
-0.115 
-0.999 
-0.021 
0.996 
0.156 
-0.975 
-0.288 
0.936 
0.415 
-0.879 
-0.535 
0.807 
0.644 
-0.719 
-0.742 
0.618 
0.826 
-0.506 
-0.895 
0.385 
0.947 
-0.256 
-0.982 
0.123 
0.998 
0.013 
-0.997 
-0.148 
0.977 
0.281 
-0.938 
-0.408 
0.883 
0.528 
-0.811 
-0.638 
0.725 
0.737 
-0.624 
-0.822 
0.513 
0.891 
-0.392 
-0.945 
0.264 
0.980 
-0.130 
-0.998 
-0.005 
0.997 
0.141 
-0.978 
-0.273 
0.941 
0.401 
-0.887 
-0.522 
0.816 
0.632 
-0.730 
-0.732 
0.630 
0.817 
-0.519 
-0.888 
0.399 
0.942 
-0.271 
-0.979 
0.138 
0.998 
-0.003 
-0.998 
-0.133 
0.980 
0.266 
-0.944 
-0.394 
0.890 
0.515 
-0.820 
-0.626 
0.735 
0.726 
-0.636 
-0.813 
0.526 
0.884 
-0.406 
-0.939 
0.278 
0.977 
-0.146 
-0.997 
0.010 
0.998 
0.125 
-0.981 
-0.259 
0.946 
0.387 
-0.894 
-0.508 
0.825 
0.620 
-0.740 
-0.721 
0.642 
0.808 
-0.533 
-0.881 
0.413 
0.937 
-0.286 
-0.975 
0.153 
0.996 
-0.018 
-0.999 
-0.118 
0.983 
0.251 
-0.949 
-0.380 
0.897 
0.502 
-0.829 
-0.614 
0.745 
0.716 
-0.648 
-0.804 
0.539 
0.877 
-0.420 
-0.934 
0.293 
0.974 
-0.161 
-0.996 
0.026 
0.999 
0.110 
-0.984 
-0.244 
0.951 
0.373 
-0.900 
-0.495 
0.833 
0.608 
-0.751 
-0.710 
0.654 
0.799 
-0.546 
-0.873 
0.427 
0.931 
-0.300 
-0.972 
0.168 
0.995 
-0.033 
-0.999 
-0.102 
0.985 
0.236 
-0.953 
-0.366 
0.904 
0.488 
-0.837 
-0.602 
0.756 
0.705 
-0.660 
-0.794 
0.552 
0.869 
-0.434 
-0.928 
0.308 
0.970 
-0.176 
-0.994 
0.041 
1.000 
0.095 
-0.987 
-0.229 
0.956 
0.359 
-0.907 
-0.482 
0.842 
0.596 
-0.761 
-0.699 
0.666 
0.790 
-0.558 
-0.866 
0.441 
0.925 
-0.315 
-0.968 
0.184 
0.993 
-0.049 
-1.000 
-0.087 
0.988 
0.221 
-0.958 
-0.351 
0.910 
0.475 
-0.846 
-0.590 
0.766 
0.694 
-0.671 
-0.785 
0.565 
0.862 
-0.448 
-0.923 
0.322 
0.966 
-0.191 
-0.992 
0.056 
1.000 
0.079 
-0.989 
-0.214 
0.960 
0.344 
-0.913 
-0.468 
0.850 
0.584 
-0.771 
-0.688 
0.677 
0.780 
-0.571 
-0.858 
0.455 
0.920 
-0.330 
-0.964 
0.199 
0.991 
-0.064 
-1.000 
-0.072 
0.990 
0.206 
-0.962 
-0.337 
0.916 
0.461 
-0.854 
-0.577 
0.775 
0.683 
-0.683 
-0.775 
0.577 
0.854 
-0.461 
-0.916 
0.337 
0.962 
-0.206 
-0.990 
0.072 
1.000 
0.064 
-0.991 
-0.199 
0.964 
0.330 
-0.920 
-0.455 
0.858 
0.571 
-0.780 
-0.677 
0.688 
0.771 
-0.584 
-0.850 
0.468 
0.913 
-0.344 
-0.960 
0.214 
0.989 
-0.079 
-1.000 
-0.056 
0.992 
0.191 
-0.966 
-0.322 
0.923 
0.448 
-0.862 
-0.565 
0.785 
0.671 
-0.694 
-0.766 
0.590 
0.846 
-0.475 
-0.910 
0.351 
0.958 
-0.221 
-0.988 
0.087 
1.000 
0.049 
-0.993 
-0.184 
0.968 
0.315 
-0.925 
-0.441 
0.866 
0.558 
-0.790 
-0.666 
0.699 
0.761 
-0.596 
-0.842 
0.482 
0.907 
-0.359 
-0.956 
0.229 
0.987 
-0.095 
-1.000 
-0.041 
0.994 
0.176 
-0.970 
-0.308 
0.928 
0.434 
-0.869 
-0.552 
0.794 
0.660 
-0.705 
-0.756 
0.602 
0.837 
-0.488 
-0.904 
0.366 
0.953 
-0.236 
-0.985 
0.102 
0.999 
0.033 
-0.995 
-0.168 
0.972 
0.300 
-0.931 
-0.427 
0.873 
0.546 
-0.799 
-0.654 
0.710 
0.751 
-0.608 
-0.833 
0.495 
0.900 
-0.373 
-0.951 
0.244 
0.984 
-0.110 
-0.999 
-0.026 
0.996 
0.161 
-0.974 
-0.293 
0.934 
0.420 
-0.877 
-0.539 
0.804 
0.648 
-0.716 
-0.745 
0.614 
0.829 
-0.502 
-0.897 
0.380 
0.949 
-0.251 
-0.983 
0.118 
0.999 
0.018 
-0.996 
-0.153 
0.975 
0.286 
-0.937 
-0.413 
0.881 
0.533 
-0.808 
-0.642 
0.721 
0.740 
-0.620 
-0.825 
0.508 
0.894 
-0.387 
-0.946 
0.259 
0.981 
-0.125 
-0.998 
-0.010 
0.997 
0.146 
-0.977 
-0.278 
0.939 
0.406 
-0.884 
-0.526 
0.813 
0.636 
-0.726 
-0.735 
0.626 
0.820 
-0.515 
-0.890 
0.394 
0.944 
-0.266 
-0.980 
0.133 
0.998 
0.003 
-0.998 
-0.138 
0.979 
0.271 
-0.942 
-0.399 
0.888 
0.519 
-0.817 
-0.630 
0.732 
0.730 
-0.632 
-0.816 
0.522 
0.887 
-0.401 
-0.941 
0.273 
0.978 
-0.141 
-0.997 
0.005 
0.998 
0.130 
-0.980 
-0.264 
0.945 
0.392 
-0.891 
-0.513 
0.822 
0.624 
-0.737 
-0.725 
0.638 
0.811 
-0.528 
-0.883 
0.408 
0.938 
-0.281 
-0.977 
0.148 
0.997 
-0.013 
-0.998 
-0.123 
0.982 
0.256 
-0.947 
-0.385 
0.895 
0.506 
-0.826 
-0.618 
0.742 
0.719 
-0.644 
-0.807 
0.535 
0.879 
-0.415 
-0.936 
0.288 
0.975 
-0.156 
-0.996 
0.021 
0.999 
0.115 
-0.983 
-0.249 
0.949 
0.378 
-0.898 
-0.500 
0.830 
0.612 
-0.747 
-0.714 
0.650 
0.802 
-0.541 
-0.876 
0.422 
0.933 
-0.296 
-0.973 
0.163 
0.995 
-0.028 
-0.999 
-0.108 
0.985 
0.241 
-0.952 
-0.371 
0.902 
0.493 
-0.835 
-0.606 
0.752 
0.708 
-0.656 
-0.798 
0.548 
0.872 
-0.429 
-0.930 
0.303 
0.971 
-0.171 
-0.995 
0.036 
0.999 
0.100 
-0.986 
-0.234 
0.954 
0.363 
-0.905 
-0.486 
0.839 
0.600 
-0.757 
-0.703 
0.662 
0.793 
-0.554 
-0.868 
0.436 
0.927 
-0.310 
-0.970 
0.179 
0.994 
-0.044 
-1.000 
-0.092 
0.987 
0.226 
-0.956 
-0.356 
0.908 
0.480 
-0.843 
-0.594 
0.762 
0.698 
-0.668 
-0.788 
0.560 
0.864 
-0.443 
-0.924 
0.318 
0.968 
-0.186 
-0.993 
0.051 
1.000 
0.085 
-0.988 
-0.219 
0.959 
0.349 
-0.911 
-0.473 
0.847 
0.588 
-0.767 
-0.692 
0.673 
0.783 
-0.567 
-0.860 
0.450 
0.922 
-0.325 
-0.966 
0.194 
0.992 
-0.059 
-1.000 
-0.077 
0.990 
0.211 
-0.961 
-0.342 
0.914 
0.466 
-0.851 
-0.582 
0.772 
0.686 
-0.679 
-0.779 
0.573 
0.856 
-0.457 
-0.919 
0.332 
0.964 
-0.201 
-0.991 
0.067 
1.000 
0.069 
-0.991 
-0.204 
0.963 
0.335 
-0.917 
-0.459 
0.855 
0.575 
-0.777 
-0.681 
0.685 
0.774 
-0.579 
-0.852 
0.464 
0.915 
-0.339 
-0.962 
0.209 
0.990 
-0.074 
-1.000 
-0.062 
0.992 
0.196 
-0.965 
-0.327 
0.921 
0.452 
-0.859 
-0.569 
0.782 
0.675 
-0.690 
-0.769 
0.586 
0.848 
-0.470 
-0.912 
0.347 
0.959 
-0.216 
-0.989 
0.082 
1.000 
0.054 
-0.993 
-0.189 
0.967 
0.320 
-0.924 
-0.445 
0.863 
0.563 
-0.787 
-0.669 
0.696 
0.764 
-0.592 
-0.844 
0.477 
0.909 
-0.354 
-0.957 
0.224 
0.988 
-0.090 
-1.000 
-0.046 
0.993 
0.181 
-0.969 
-0.313 
0.926 
0.438 
-0.867 
-0.556 
0.791 
0.664 
-0.701 
-0.759 
0.598 
0.840 
-0.484 
-0.906 
0.361 
0.955 
-0.231 
-0.986 
0.097 
1.000 
0.038 
-0.994 
-0.174 
0.971 
0.305 
-0.929 
-0.432 
0.871 
0.550 
-0.796 
-0.658 
0.707 
0.754 
-0.604 
-0.836 
0.491 
0.903 
-0.368 
-0.953 
0.239 
0.985 
-0.105 
-0.999 
-0.031 
0.995 
0.166 
-0.973 
-0.298 
0.932 
0.425 
-0.874 
-0.543 
0.801 
0.652 
-0.712 
-0.749 
0.610 
0.832 
-0.497 
-0.899 
0.375 
0.950 
-0.246 
-0.984 
0.113 
0.999 
0.023 
-0.996 
-0.158 
0.974 
0.291 
-0.935 
-0.418 
0.878 
0.537 
-0.805 
-0.646 
0.717 
0.744 
-0.616 
-0.827 
0.504 
0.896 
-0.382 
-0.948 
0.254 
0.982 
-0.120 
-0.999 
-0.015 
0.997 
0.151 
-0.976 
-0.283 
0.938 
0.411 
-0.882 
-0.530 
0.810 
0.640 
-0.723 
-0.739 
0.622 
0.823 
-0.511 
-0.892 
0.389 
0.945 
-0.261 
-0.981 
0.128 
0.998 
0.008 
-0.997 
-0.143 
0.978 
0.276 
-0.940 
-0.404 
0.885 
0.524 
-0.814 
-0.634 
0.728 
0.733 
-0.628 
-0.819 
0.517 
0.889 
-0.397 
-0.943 
0.269 
0.979 
-0.136 
-0.998 
