480
426
449
719
288
267
740
512
740
1162
669
858
1159
946
1165
1198
803
858
773
755
556
416
814
649
355
1082
771
574
786
762
470
604
772
300
576
598
387
281
199
185
-101
-145
-73
-155
18
173
-109
-167
-170
-388
-230
72
-23
-140
-146
-280
-423
-312
-194
-128
22
-30
-234
10
514
879
1269
1692
1987
2182
2412
2491
2730
2939
3222
3357
3476
3677
3897
4086
3883
4312
4603
4756
4709
4739
5108
5044
5264
5392
5792
5243
4541
3377
1819
-785
-2921
-4278
-4660
-3870
-2985
-2386
-2219
-1623
-720
545
1382
2053
2538
2601
1976
1081
-110
-1247
-2330
-3715
-4923
-5985
-6845
-7257
-7335
-6378
-5347
-3663
-2472
-1315
-712
-572
-802
-1407
-1961
-2809
-3644
-4573
-5071
-5240
-4793
-4114
-3212
-2180
-1017
61
982
1428
1658
1692
1802
2109
2187
2564
2722
3275
3764
4377
5117
5588
6282
6564
7365
7949
8980
9411
9877
9894
9003
7748
5291
-2503
-7071
-9647
-8633
-6464
-4394
-3437
-1628
545
1256
3299
4374
5308
5839
4902
2438
51
-1951
-3816
-4700
-5497
-6018
-5295
-4984
-3969
-3107
-1887
-244
1367
2547
3000
2796
1538
556
-1028
-2620
-4055
-5419
-6815
-7566
-7922
-7211
-6039
-4483
-3107
-1484
-523
205
74
-375
-1015
-1821
-2607
-3235
-3391
-3247
-2662
-2043
-1257
-259
606
1225
1382
1432
1647
1896
2266
2628
3367
3748
4217
4583
4930
5489
6076
6654
7066
7597
7852
8086
8902
9372
9254
7470
563
-4474
-8162
-8323
-6053
-3418
-1766
-509
1654
1609
2770
3662
3920
4686
4142
2106
-291
-2192
-4278
-5193
-5439
-5617
-4325
-3280
-2272
-1065
-307
620
1659
2317
2519
2472
1813
518
-788
-2412
-3781
-4760
-5726
-6113
-6400
-6596
-6678
-5747
-4507
-2902
-1626
-825
-578
-532
-903
-1561
-2109
-2802
-3260
-3706
-3631
-3296
-2708
-1952
-1075
-216
556
1209
1581
1760
1869
1947
2018
2003
2317
2626
2912
3605
4281
4817
5574
6242
6973
7525
8267
8744
9241
9957
9682
8448
3082
-2415
-6762
-8380
-6500
-3782
-1049
-102
2358
2719
3011
3760
3133
3126
2900
1869
-182
-1971
-3673
-5031
-4973
-5074
-3977
-2448
-1507
-6
780
1198
1461
1787
1663
1357
1115
1
-846
-1786
-2922
-3939
-4717
-5138
-5037
-4470
-4425
-4473
-4427
-3915
-2949
-1936
-1221
-1031
-919
-1247
-1735
-2276
-2712
-3003
-3116
-3176
-3068
-2694
-2055
-1157
-119
611
1191
1483
1693
2031
2363
2532
2533
2545
2591
2832
3140
3690
4531
5355
6211
6839
7259
7705
8249
8672
9059
9416
8910
7504
1602
-2670
-6567
-7627
-5629
-2241
200
1790
4248
3608
3953
3755
2689
1942
1743
914
-857
-2227
-4206
-5366
-5237
-5234
-4213
-3012
-1558
223
1344
1829
1905
1915
1299
1050
477
-505
-1080
-1910
-2518
-3592
-4264
-4909
-4913
-4455
-4214
-3925
-4092
-3517
-2864
-1937
-1551
-1528
-1636
-1803
-1925
-2261
-2515
-2644
-2617
-2623
-2443
-2113
-1500
-715
82
650
1078
1221
1179
1159
1308
1422
1608
1765
1933
2061
2267
2665
3322
4341
5195
6136
6683
7222
7695
8229
8749
9149
9605
9214
8167
3274
-681
-4748
-6588
-5212
-2520
-367
950
2981
2546
2828
2742
1428
738
826
550
-694
-1427
-3122
-4296
-4172
-4220
-3566
-2579
-1414
-20
1019
1425
1348
1287
805
709
326
-557
-822
-1190
-1658
-1995
-2519
-3046
-3633
-3694
-3961
-4142
-4501
-3901
-3569
-2533
-1502
-904
-841
-376
-548
-1116
-1203
-1802
-2173
-2524
-2664
-3024
-2690
-2298
-1650
-976
-332
139
454
671
926
1028
1134
1332
1312
1372
1551
1985
2325
3170
3762
4613
5391
6269
7219
7668
8392
8486
8945
9420
9828
9342
7657
2636
-1730
-5468
-6866
-5282
-2621
-1073
886
2571
2077
3171
2723
1588
1501
1634
926
182
-727
-2886
-3506
-3726
-4496
-4032
-3581
-2486
-883
352
841
1090
1217
988
1225
660
36
-217
-800
-1294
-1846
-2612
-3094
-2786
-2448
-2137
-3371
-3164
-4249
-3646
-3256
-2294
-1969
-799
-736
-1358
-1014
-2252
-1987
-2223
-1924
-2586
-2656
-3208
-3280
-2796
-2429
-1566
-876
-172
351
647
656
893
921
992
1135
1309
1472
1957
2562
3111
3860
4617
5099
5849
6352
6641
7281
7588
8027
8322
8746
8905
8536
6898
2584
-1288
-4672
-5559
-4281
-1954
-777
830
2146
1979
3106
2430
1215
968
872
381
4
-856
-2655
-3000
-3264
-4003
-3756
-3632
-2823
-1405
-177
479
980
1264
1115
1273
721
131
-74
-667
-945
-1475
-2191
-2842
-2870
-2771
-2712
-2226
-3280
-3278
-3949
-3945
-3509
-2890
-1976
-1296
-495
-926
-309
-916
-1317
-1596
-2341
-2876
-3515
-3722
-4141
-3519
-3079
-2441
-1451
-868
-52
455
943
1122
1339
1287
1112
1122
998
1155
1591
2155
3039
3835
4527
5206
5634
6088
6592
7066
7483
7765
8003
8211
8221
7959
7097
3882
455
-2682
-4844
-4219
-2575
-1068
297
1601
2041
2709
3072
1849
951
657
214
-122
-769
-2022
-2977
-2982
-3128
-3220
-3083
-2908
-1917
-693
-73
405
638
611
756
587
-40
-565
-772
-871
-979
-1280
-1665
-1790
-1598
-1442
-1210
-823
-520
-493
-927
-1882
-2763
-3102
-2941
-2450
-1965
-1698
-1473
-1243
-1161
-1228
-1425
-1640
-1867
-2107
-2418
-2696
-2665
-2437
-1983
-1499
-1113
-742
-303
166
608
946
1137
1363
1469
1552
1738
1900
2081
2166
2397
2740
3045
3274
3640
4035
4571
4958
5289
5650
5999
6175
6406
6691
6753
6322
5335
3246
1010
-544
-1080
-606
3
188
95
311
728
931
722
53
-382
-464
-535
-803
-1294
-1709
-1682
-1411
-1341
-1526
-1718
-1821
-1557
-1345
-1208
-1103
-848
-573
-441
-474
-790
-992
-1007
-955
-960
-1003
-933
-796
-583
-446
-401
-347
-268
-153
-73
-239
-670
-1307
-1773
-1872
-1589
-1448
-1613
-1776
-1955
-2004
-2019
-2068
-2196
-2150
-2029
-2029
-2186
-2350
-2420
-2235
-2043
-2042
-2082
-2021
-1838
-1609
-1291
-917
-378
205
578
783
918
1061
1269
1452
1520
1610
1803
2055
2324
2635
2890
3155
3442
3689
3944
4193
4614
5084
5628
5979
6189
6103
5632
4537
3323
2242
1802
2025
1926
1608
1085
527
349
139
-410
-1114
-1358
-1337
-1117
-1007
-1256
-1534
-1508
-1383
-1357
-1381
-1511
-1436
-1124
-964
-922
-905
-761
-499
-182
-142
-230
-219
-232
-214
-227
-330
-356
-156
91
236
319
230
96
-25
-202
-772
-1275
-1885
-2134
-1905
-1546
