66836 
93503 
101680 
125832 
147589 
136242 
117609 
138764 
189836 
225264 
243802 
279752 
325518 
334451 
302526 
278359 
281977 
280476 
261429 
263001 
302225 
335332 
326844 
302952 
294115 
276887 
223933 
166878 
150771 
160483 
152741 
132832 
134452 
143915 
114593 
48600 
-4636 
-31012 
-64714 
-111839 
-131304 
-111203 
-98222 
-122681 
-154656 
-168503 
-192383 
-249770 
-303974 
-313053 
-297344 
-297329 
-301784 
-278853 
-248563 
-257034 
-296436 
-317850 
-313644 
-318854 
-333444 
-314685 
-256544 
-208225 
-194816 
-183763 
-155145 
-141515 
-162171 
-176223 
-145826 
-96282 
-64694 
-34427 
23583 
83132 
99422 
85830 
89883 
112790 
119629 
116777 
147885 
213074 
261697 
274488 
286114 
310626 
312139 
276416 
248233 
261079 
285655 
289370 
294214 
326112 
353498 
334160 
287185 
258248 
242684 
206954 
164130 
158261 
183812 
189902 
163614 
141163 
130643 
93851 
22225 
-36180 
-52666 
-59779 
-84926 
-101325 
-86918 
-78196 
-114101 
-170351 
-204122 
-225899 
-267207 
-308697 
-307100 
-273877 
-259582 
-271034 
-271722 
-260098 
-276246 
-323152 
-350718 
-335909 
-314207 
-307717 
-285958 
-231767 
-186368 
-185108 
-199379 
-190347 
-174271 
-180162 
-182962 
-141303 
-72646 
-26514 
-3825 
31220 
73438 
81682 
58708 
55803 
90054 
123929 
141168 
175360 
238434 
285336 
285187 
270601 
276012 
280199 
257770 
239457 
264284 
309476 
327820 
324567 
334350 
345733 
317820 
259603 
223082 
219604 
210831 
187044 
184504 
209837 
215253 
175168 
125794 
96786 
62762 
2823 
-46992 
-50658 
-35776 
-46376 
-71305 
-77975 
-83961 
-129125 
-198432 
-240233 
-249205 
-263841 
-287388 
-282052 
-247111 
-232606 
-258756 
-286885 
-293032 
-306466 
-343409 
-363547 
-334976 
-290042 
-269240 
-256337 
-222011 
-190082 
-198912 
-227982 
-227251 
-197699 
-177407 
-163372 
-117399 
-45075 
1981 
9053 
16337 
41585 
52328 
37500 
40998 
90035 
148219 
179397 
204534 
249114 
283704 
272501 
241469 
238479 
256737 
259803 
257230 
287110 
337902 
357712 
337931 
319838 
315109 
289314 
237356 
206362 
218755 
235188 
224853 
213201 
221554 
215714 
163493 
96146 
58792 
39340 
4016 
-31118 
-28832 
-6459 
-15223 
-57557 
-92011 
-113220 
-156820 
-221796 
-258790 
-250769 
-239490 
-250171 
-253842 
-234248 
-230062 
-269532 
-317020 
-331314 
-329795 
-343178 
-349633 
-314063 
-259814 
-236974 
-242296 
-235455 
-217852 
-225846 
-252530 
-247546 
-199869 
-153153 
-126909 
-89670 
-30963 
6578 
-933 
-14235 
3190 
29131 
36644 
52910 
110130 
179358 
212619 
218795 
236388 
257529 
246263 
215686 
216558 
254060 
283856 
292786 
314382 
353360 
364312 
328627 
288897 
276775 
266266 
235289 
216251 
238130 
267222 
258865 
227624 
209678 
191223 
137877 
69090 
35374 
36242 
27748 
3391 
-1976 
10429 
-6689 
-66281 
-123237 
-151324 
-179717 
-225195 
-250924 
-232012 
-206599 
-215536 
-239298 
-245138 
-252799 
-294610 
-345368 
-356090 
-333240 
-319897 
-316298 
-287570 
-241422 
-226593 
-250533 
-266865 
-255564 
-248609 
-257377 
-241684 
-181633 
-119459 
-91820 
-75027 
-40727 
-14356 
-25562 
-43877 
-22796 
25397 
59334 
84958 
136326 
199312 
224745 
210961 
204912 
220362 
223602 
209285 
220455 
271873 
318278 
328159 
329120 
344860 
345213 
304354 
257980 
249735 
262284 
257242 
246919 
264106 
288779 
272620 
220123 
178266 
154743 
115268 
61039 
37364 
53721 
62807 
38883 
12867 
3328 
-23944 
-90293 
-155391 
-179258 
-183923 
-204130 
-221711 
-206173 
-183413 
-200282 
-246524 
-276343 
-288464 
-317227 
-355151 
-355931 
-316015 
-284312 
-280845 
-272590 
-246997 
-242015 
-274375 
-300199 
-284231 
-253032 
-237352 
-213982 
-155840 
-94641 
-75204 
-82020 
-71575 
-49095 
-48260 
-55459 
-24377 
42438 
95322 
120225 
151488 
195381 
211126 
187201 
170474 
191122 
218950 
228118 
246610 
297711 
344714 
345993 
322335 
314528 
311495 
281493 
244548 
246518 
279198 
293494 
281862 
279509 
286601 
260757 
196363 
142820 
125086 
110360 
78534 
61956 
79696 
90825 
57786 
6285 
-26327 
-56565 
-113407 
-170704 
-183994 
-167093 
-167764 
-187215 
-190456 
-183746 
-210454 
-270354 
-312686 
-318390 
-322437 
-339135 
-332898 
-289814 
-254765 
-261021 
-278961 
-275811 
-273481 
-297835 
-317405 
-290362 
-236260 
-201031 
-180041 
-139725 
-93050 
-83766 
-105978 
-108686 
-79149 
-53832 
-41052 
-2881 
68948 
126323 
140821 
145356 
167570 
180852 
163300 
151382 
183729 
235674 
264228 
279906 
314315 
348289 
338949 
298202 
276790 
281440 
275483 
257227 
266518 
306093 
325855 
303087 
273662 
259952 
231693 
171927 
121871 
116564 
127027 
114263 
94533 
96888 
96426 
52156 
-18055 
-64539 
-86506 
-119940 
-159859 
-165433 
-139747 
-134153 
-165498 
-195956 
-209083 
-238308 
-295415 
-335443 
-327905 
-305852 
-303958 
-301095 
-271933 
-247116 
-265351 
-303520 
-314333 
-303208 
-304988 
-308482 
-273169 
-208411 
-166297 
-157959 
-144803 
-116934 
-110429 
-131749 
-133183 
-89522 
-37374 
-6597 
28114 
87621 
136021 
137674 
120581 
128907 
151422 
155421 
158311 
199637 
264065 
299946 
302237 
309751 
325988 
313441 
271647 
250639 
270337 
291753 
290793 
296688 
325659 
337583 
301001 
248692 
221321 
202625 
163213 
126753 
131281 
155982 
150811 
117011 
92939 
75824 
27751 
-45458 
-92237 
-98215 
-103935 
-127340 
-136086 
-119194 
-120434 
-166645 
-221082 
-247505 
-266967 
-305077 
-332641 
-314277 
-276327 
-266741 
-278558 
-275154 
-265920 
-288718 
-331823 
-343459 
-315412 
-289342 
-277160 
-244626 
-186781 
-150646 
-158286 
-170025 
-154974 
-138651 
-142473 
-132473 
-76876 
-7293 
31119 
50640 
85247 
119096 
115267 
91343 
98490 
138824 
170603 
188300 
227413 
286851 
317449 
302616 
284506 
288500 
285666 
259751 
249266 
282110 
322361 
328836 
319149 
324256 
322601 
279468 
218501 
189759 
189721 
177813 
155284 
158341 
179991 
170071 
117988 
67764 
39050 
415 
-58631 
-95664 
-87207 
-72852 
-89145 
-113727 
-119500 
-133431 
-187398 
-252228 
-280055 
-280104 
-291187 
-305674 
-287869 
-251043 
-245838 
-277078 
-300153 
-301827 
-315639 
-346369 
-348890 
-305063 
-257851 
-238985 
-222384 
-185863 
-161635 
-178356 
-202109 
-188349 
-151966 
-129426 
-107159 
-51047 
19305 
53541 
52536 
60545 
84199 
88720 
75336 
91121 
148616 
202416 
226284 
249537 
289114 
308469 
283128 
251522 
254468 
272212 
271816 
272855 
307445 
350290 
352637 
321390 
299982 
288840 
253241 
200960 
180539 
199046 
209845 
192917 
180365 
183717 
163082 
98984 
33935 
4531 
-13156 
-47689 
-73851 
-62277 
-43589 
-64111 
-111196 
-143203 
-165944 
-213372 
-271362 
-291026 
-271163 
-259054 
-268546 
-265911 
-245747 
-250874 
-295693 
-334751 
-336665 
-329325 
-336689 
-328884 
-280445 
-227272 
-212874 
-219603 
-208849 
-192806 
-204155 
-222879 
-200954 
-143340 
-97324 
-70677 
-29104 
26268 
50400 
34222 
25269 
49205 
74905 
83619 
109311 
173015 
234273 
253314 
252545 
266998 
278716 
257421 
229092 
240355 
280579 
303744 
308565 
329434 
359004 
351319 
303298 
264139 
253847 
239266 
207715 
196921 
223319 
242923 
220706 
183596 
162624 
134803 
73279 
9839 
-10955 
-5009 
-16086 
-39026 
-40169 
-33055 
-63698 
-129134 
-179489 
-200788 
-227554 
-266253 
-276423 
-246931 
-224832 
-240157 
-262444 
-265664 
-277643 
-321488 
-360499 
-353380 
-321375 
-305572 
-295038 
-258133 
-214868 
-210833 
-237445 
-245438 
-227365 
-218606 
-219526 
-188083 
-119067 
-62053 
-41843 
-25371 
7675 
25158 
8245 
-2097 
31408 
82664 
114088 
142101 
195620 
248579 
256870 
234760 
230256 
244564 
242627 
230594 
251558 
304961 
339953 
337697 
333479 
341877 
327599 
277051 
235210 
235116 
246822 
237371 
228598 
246311 
259145 
225651 
165843 
125889 
101166 
58059 
9411 
-1340 
19542 
20932 
-9735 
-35748 
-48585 
-85916 
-155736 
-209907 
-220307 
-220231 
-237574 
-245896 
-223456 
-206700 
-233951 
-280173 
-302226 
-310675 
-337230 
-362918 
-345263 
-296611 
-267886 
-265714 
-253260 
-228680 
-231589 
-264476 
-277254 
-247531 
-211563 
-191981 
-158725 
-95015 
-42039 
-34510 
-43068 
-28543 
-7197 
-8116 
-6550 
38131 
107671 
152288 
171344 
201033 
236592 
237519 
207234 
197154 
223888 
249327 
256852 
279748 
329682 
361801 
346023 
315845 
306176 
295976 
259966 
228699 
240556 
272084 
275922 
257662 
252362 
249073 
207636 
137770 
91627 
80105 
64336 
34239 
25701 
45015 
44546 
-548 
-53275 
-83599 
-116773 
-173647 
-218479 
-216033 
-194718 
-198841 
-217094 
-216660 
-214785 
-250713 
-308831 
-337508 
-332006 
-331466 
-339650 
-319335 
-270309 
-242591 
-255795 
-270618 
-262841 
-261664 
-283315 
-287867 
-244302 
-185821 
-153242 
-130248 
-87363 
-48083 
-50112 
-72332 
-64694 
-28698 
-2971 
15041 
62997 
134864 
179158 
181876 
183924 
203444 
208223 
187371 
184537 
226191 
275256 
295423 
307854 
338305 
357832 
331479 
285969 
269318 
274391 
264379 
248513 
264425 
300220 
304249 
268695 
235596 
217088 
179100 
116793 
77064 
81600 
90393 
72468 
53408 
54723 
42666 
-14138 
-83750 
-120995 
-138373 
-170087 
-200524 
-193084 
-165604 
-169193 
-205658 
-232974 
-245469 
-278527 
-331002 
-353939 
-331206 
-305357 
-301933 
-292035 
-259405 
-242391 
-268539 
-301658 
-300602 
-283227 
-280733 
-271836 
-222187 
-155710 
-122418 
-118495 
-103106 
-77342 
-77254 
-95764 
-82898 
-28488 
23096 
52083 
89898 
147072 
181412 
169869 
152368 
165491 
186732 
188847 
198601 
247565 
306365 
327266 
319852 
323261 
330105 
304946 
261223 
249452 
274106 
290297 
284727 
290953 
313829 
308508 
257322 
203595 
179116 
157696 
117035 
89137 
102330 
122483 
105168 
65598 
40514 
16562 
-40138 
-109848 
-142398 
-139070 
-144441 
-165280 
-166887 
-150506 
-162995 
-216496 
-265335 
-283291 
-299845 
-332118 
-343860 
-311021 
-272325 
-268544 
-279691 
-272638 
-266800 
-294089 
-329129 
-323405 
-284266 
-255492 
-237689 
-196268 
-139049 
-114365 
-128889 
-135722 
-114852 
-98505 
-98355 
-74794 
-8751 
57015 
85995 
102378 
134957 
158749 
144680 
123524 
141436 
185406 
213540 
231538 
273275 
324649 
337073 
309822 
290509 
293059 
283725 
257046 
255616 
293489 
325028 
318993 
303567 
302972 
287623 
232401 
173395 
153960 
156120 
141032 
120771 
127908 
142434 
116616 
55864 
7758 
-19879 
-61378 
-115708 
-138117 
-119953 
-108992 
-130823 
-154124 
-159967 
-182091 
-241242 
-296853 
-309389 
-301651 
-308971 
-313605 
-285490 
-250682 
-255580 
-289182 
-305253 
-302510 
-315413 
-336757 
-320935 
-265338 
-219434 
-203197 
-183321 
-146984 
-131681 
-153551 
-168501 
-141733 
-100539 
-76214 
-45976 
16823 
80357 
100338 
93090 
102635 
123882 
123199 
114059 
142184 
204212 
250081 
265919 
286453 
318362 
321510 
285158 
256545 
265552 
281450 
278029 
282962 
319198 
350054 
334575 
294463 
271104 
253693 
210678 
162040 
153089 
174859 
177915 
154904 
141380 
137905 
102760 
31118 
-27296 
-47859 
-63927 
-96033 
-112261 
-94018 
-82314 
-114147 
-163049 
-191218 
-215007 
-263299 
-310131 
-311767 
-282939 
-271895 
-279840 
-271648 
-253357 
-267793 
-314079 
-341285 
-330816 
-318284 
-318533 
-296565 
-239086 
-191159 
-185575 
-192053 
-177450 
-163526 
-176036 
-183717 
-145496 
-81830 
-39106 
-12686 
31121 
79616 
89691 
67986 
65753 
95387 
119940 
130698 
165088 
230863 
279880 
284343 
277947 
288843 
290773 
262149 
239397 
260533 
300160 
315001 
315688 
334047 
351311 
325403 
269106 
233514 
225135 
206955 
176973 
174567 
201984 
209147 
173990 
133148 
109493 
73149 
7490 
-46349 
-54002 
-45226 
-59368 
-80172 
-78518 
-79016 
-121946 
-188686 
-229362 
-243517 
-267576 
-297013 
-291660 
-255276 
-239341 
-260227 
-279542 
-280507 
-296278 
-338417 
-362197 
-337951 
-299622 
-282347 
-265165 
-222831 
-185795 
-192110 
-217983 
-215986 
-191890 
-180968 
-172504 
-126691 
-53577 
-5356 
7331 
23647 
53870 
62313 
42852 
43050 
87391 
138517 
166233 
195765 
247978 
287314 
278956 
251730 
250086 
262636 
256454 
248631 
278119 
329043 
349808 
335995 
327086 
327101 
299096 
243101 
209104 
216404 
225381 
211690 
204504 
220061 
218633 
169632 
106668 
70689 
45301 
919 
-39149 
-37544 
-15694 
-23655 
-59672 
-84860 
-101572 
-147232 
-215626 
-255375 
-252864 
-249381 
-263273 
-262459 
-236138 
-227840 
-263674 
-306242 
-319184 
-323792 
-345980 
-357066 
-322520 
-269436 
-245890 
-244558 
-228438 
-206597 
-216441 
-245909 
-243483 
-201744 
-163100 
-139893 
-98205 
-33289 
8104 
4679 
-3213 
15495 
35160 
34182 
46096 
101899 
169342 
203266 
216411 
243227 
268350 
255504 
222782 
221239 
252372 
273885 
279975 
305926 
350561 
365150 
334026 
300144 
289198 
272311 
233211 
210073 
230095 
256813 
249128 
225140 
216295 
201573 
146974 
76680 
40637 
34712 
17793 
-9196 
-10364 
7123 
-6525 
-61062 
-111789 
-138840 
-173659 
-226844 
-256456 
-239884 
-217394 
-225605 
-241866 
-238790 
-242952 
-285631 
-337271 
-350286 
-334638 
-329795 
-328613 
-295904 
-245267 
-227082 
-245461 
-255245 
-243076 
-242535 
-258554 
-246568 
-189371 
-130628 
-102167 
-77670 
-34698 
-5036 
-16674 
-35265 
-16494 
24110 
49541 
72958 
128026 
194902 
223629 
215913 
216666 
232801 
229700 
208621 
216214 
264235 
306754 
317591 
326406 
350520 
353987 
313180 
267107 
256486 
261092 
247602 
235272 
255816 
283784 
270908 
224979 
190113 
167081 
121404 
60928 
33756 
46155 
50954 
28148 
10082 
8569 
-15728 
-81497 
-145755 
-172106 
-185029 
-213564 
-232973 
-214478 
-189010 
-202551 
-241743 
-264449 
-276273 
-311035 
-354675 
-358924 
-323537 
-296461 
-291692 
-275455 
-242222 
-234361 
-265579 
-290065 
-276731 
-254057 
-246527 
-224833 
-164190 
-100849 
-77993 
-77298 
-59682 
-37093 
-41989 
-54366 
-26777 
34934 
82914 
109315 
148529 
199645 
218219 
196026 
181086 
198920 
218008 
219257 
236190 
289285 
337892 
342730 
327008 
326365 
323270 
287868 
246282 
244683 
271693 
280869 
270939 
276439 
290310 
267296 
205246 
153884 
133129 
109508 
70039 
51979 
71164 
83393 
54094 
10913 
-14600 
-45047 
-106896 
-168309 
-185296 
-174616 
-180557 
-198108 
-193660 
-180630 
-204453 
-261387 
-301201 
-310150 
-323185 
-347211 
-342426 
-298483 
-262797 
-265096 
-274378 
-264251 
-262246 
-291158 
-314336 
-291167 
-243812 
-213942 
-190864 
-143092 
-90561 
-78284 
-96907 
-96818 
-70760 
-54458 
-48660 
-11960 
60112 
117708 
136411 
149887 
178907 
191786 
170176 
155131 
183380 
228087 
251255 
269188 
310756 
350122 
343936 
307397 
288998 
289933 
275003 
250132 
257882 
297063 
316681 
298388 
278127 
271008 
242313 
179035 
126298 
116632 
119405 
101284 
83949 
93102 
97581 
56677 
-8722 
-52038 
-77949 
-120245 
-166397 
-173639 
-148997 
-143855 
-170441 
-191575 
-198362 
-228008 
-288042 
-330345 
-327463 
-313504 
-316885 
-311522 
-275980 
-246657 
-261262 
-294043 
-301592 
-294623 
-305086 
-314425 
-280962 
-217901 
-176491 
-163104 
-140530 
-106600 
-100449 
-124080 
-127428 
-88748 
-45043 
-19413 
17861 
83276 
135776 
141364 
130205 
141835 
160005 
155566 
152995 
192235 
254317 
289300 
296930 
313885 
335885 
323106 
279640 
257030 
271402 
284086 
278146 
286620 
320979 
336631 
304330 
258460 
234378 
211179 
163639 
122090 
124244 
145965 
139761 
111578 
96901 
85238 
37114 
-37114 
-85238 
-96901 
-111578 
-139761 
-145965 
-124244 
-122090 
-163639 
-211179 
-234378 
-258460 
-304330 
-336631 
-320979 
-286620 
-278146 
-284086 
-271402 
-257030 
-279640 
-323106 
-335885 
-313885 
-296930 
-289300 
-254317 
-192235 
-152995 
-155566 
-160005 
-141835 
-130205 
-141364 
-135776 
-83276 
-17861 
19413 
45043 
88748 
127428 
124080 
100449 
106600 
140530 
163104 
176491 
217901 
280962 
314425 
305086 
294623 
301592 
294043 
261262 
246657 
275980 
311522 
316885 
313504 
327463 
330345 
288042 
228008 
198362 
191575 
170441 
143855 
148997 
173639 
166397 
120245 
77949 
52038 
8722 
-56677 
-97581 
-93102 
-83949 
-101284 
-119405 
-116632 
-126298 
-179035 
-242313 
-271008 
-278127 
-298388 
-316681 
-297063 
-257882 
-250132 
-275003 
-289933 
-288998 
-307397 
-343936 
-350122 
-310756 
-269188 
-251255 
-228087 
-183380 
-155131 
-170176 
-191786 
-178907 
-149887 
-136411 
-117708 
-60112 
11960 
48660 
54458 
70760 
96818 
96907 
78284 
90561 
143092 
190864 
213942 
243812 
291167 
314336 
291158 
262246 
264251 
274378 
265096 
262797 
298483 
342426 
347211 
323185 
310150 
301201 
261387 
204453 
180630 
193660 
198108 
180557 
174616 
185296 
168309 
106896 
45047 
14600 
-10913 
-54094 
-83393 
-71164 
-51979 
-70039 
-109508 
-133129 
-153884 
-205246 
-267296 
-290310 
-276439 
-270939 
-280869 
-271693 
-244683 
-246282 
-287868 
-323270 
-326365 
-327008 
-342730 
-337892 
-289285 
-236190 
-219257 
-218008 
-198920 
-181086 
-196026 
-218219 
-199645 
-148529 
-109315 
-82914 
-34934 
26777 
54366 
41989 
37093 
59682 
77298 
77993 
100849 
164190 
224833 
246527 
254057 
276731 
290065 
265579 
234361 
242222 
275455 
291692 
296461 
323537 
358924 
354675 
311035 
276273 
264449 
241743 
202551 
189010 
214478 
232973 
213564 
185029 
172106 
145755 
81497 
15728 
-8569 
-10082 
-28148 
-50954 
-46155 
-33756 
-60928 
-121404 
-167081 
-190113 
-224979 
-270908 
-283784 
-255816 
-235272 
-247602 
-261092 
-256486 
-267107 
-313180 
-353987 
-350520 
-326406 
-317591 
-306754 
-264235 
-216214 
-208621 
-229700 
-232801 
-216666 
-215913 
-223629 
-194902 
-128026 
-72958 
-49541 
-24110 
16494 
35265 
16674 
5036 
34698 
77670 
102167 
130628 
189371 
246568 
258554 
242535 
243076 
255245 
245461 
227082 
245267 
295904 
328613 
329795 
334638 
350286 
337271 
285631 
242952 
238790 
241866 
225605 
217394 
239884 
256456 
226844 
173659 
138840 
111789 
61062 
6525 
-7123 
10364 
9196 
-17793 
-34712 
-40637 
-76680 
-146974 
-201573 
-216295 
-225140 
-249128 
-256813 
-230095 
-210073 
-233211 
-272311 
-289198 
-300144 
-334026 
-365150 
-350561 
-305926 
-279975 
-273885 
-252372 
-221239 
-222782 
-255504 
-268350 
-243227 
-216411 
-203266 
-169342 
-101899 
-46096 
-34182 
-35160 
-15495 
3213 
-4679 
-8104 
33289 
98205 
139893 
163100 
201744 
243483 
245909 
216441 
206597 
228438 
244558 
245890 
269436 
322520 
357066 
345980 
323792 
319184 
306242 
263674 
227840 
236138 
262459 
263273 
249381 
252864 
255375 
215626 
147232 
101572 
84860 
59672 
23655 
15694 
37544 
39149 
-919 
-45301 
-70689 
-106668 
-169632 
-218633 
-220061 
-204504 
-211690 
-225381 
-216404 
-209104 
-243101 
-299096 
-327101 
-327086 
-335995 
-349808 
-329043 
-278119 
-248631 
-256454 
-262636 
-250086 
-251730 
-278956 
-287314 
-247978 
-195765 
-166233 
-138517 
-87391 
-43050 
-42852 
-62313 
-53870 
-23647 
-7331 
5356 
53577 
126691 
172504 
180968 
191890 
215986 
217983 
192110 
185795 
222831 
265165 
282347 
299622 
337951 
362197 
338417 
296278 
280507 
279542 
260227 
239341 
255276 
291660 
297013 
267576 
243517 
229362 
188686 
121946 
79016 
78518 
80172 
59368 
45226 
54002 
46349 
-7490 
-73149 
-109493 
-133148 
-173990 
-209147 
-201984 
-174567 
-176973 
-206955 
-225135 
-233514 
-269106 
-325403 
-351311 
-334047 
-315688 
-315001 
-300160 
-260533 
-239397 
-262149 
-290773 
-288843 
-277947 
-284343 
-279880 
-230863 
-165088 
-130698 
-119940 
-95387 
-65753 
-67986 
-89691 
-79616 
-31121 
12686 
39106 
81830 
145496 
183717 
176036 
163526 
177450 
192053 
185575 
191159 
239086 
296565 
318533 
318284 
330816 
341285 
314079 
267793 
253357 
271648 
279840 
271895 
282939 
311767 
310131 
263299 
215007 
191218 
163049 
114147 
82314 
94018 
112261 
96033 
63927 
47859 
27296 
-31118 
-102760 
-137905 
-141380 
-154904 
-177915 
-174859 
-153089 
-162040 
-210678 
-253693 
-271104 
-294463 
-334575 
-350054 
-319198 
-282962 
-278029 
-281450 
-265552 
-256545 
-285158 
-321510 
-318362 
-286453 
-265919 
-250081 
-204212 
-142184 
-114059 
-123199 
-123882 
-102635 
-93090 
-100338 
-80357 
-16823 
45976 
76214 
100539 
141733 
168501 
153551 
131681 
146984 
183321 
203197 
219434 
265338 
320935 
336757 
315413 
302510 
305253 
289182 
255580 
250682 
285490 
313605 
308971 
301651 
309389 
296853 
241242 
182091 
159967 
154124 
130823 
108992 
119953 
138117 
115708 
61378 
19879 
-7758 
-55864 
-116616 
-142434 
-127908 
-120771 
-141032 
-156120 
-153960 
-173395 
-232401 
-287623 
-302972 
-303567 
-318993 
-325028 
-293489 
-255616 
-257046 
-283725 
-293059 
-290509 
-309822 
-337073 
-324649 
-273275 
-231538 
-213540 
-185406 
-141436 
-123524 
-144680 
-158749 
-134957 
-102378 
-85995 
-57015 
8751 
74794 
98355 
98505 
114852 
135722 
128889 
114365 
139049 
196268 
237689 
255492 
284266 
323405 
329129 
294089 
266800 
272638 
279691 
268544 
272325 
311021 
343860 
332118 
299845 
283291 
265335 
216496 
162995 
150506 
166887 
165280 
144441 
139070 
142398 
109848 
40138 
-16562 
-40514 
-65598 
-105168 
-122483 
-102330 
-89137 
-117035 
-157696 
-179116 
-203595 
-257322 
-308508 
-313829 
-290953 
-284727 
-290297 
-274106 
-249452 
-261223 
-304946 
-330105 
-323261 
-319852 
-327266 
-306365 
-247565 
-198601 
-188847 
-186732 
-165491 
-152368 
-169869 
-181412 
-147072 
-89898 
-52083 
-23096 
28488 
82898 
95764 
77254 
77342 
103106 
118495 
122418 
155710 
222187 
271836 
280733 
283227 
300602 
301658 
268539 
242391 
259405 
292035 
301933 
305357 
331206 
353939 
331002 
278527 
245469 
232974 
205658 
169193 
165604 
193084 
200524 
170087 
138373 
120995 
83750 
14138 
-42666 
-54723 
-53408 
-72468 
-90393 
-81600 
-77064 
-116793 
-179100 
-217088 
-235596 
-268695 
-304249 
-300220 
-264425 
-248513 
-264379 
-274391 
-269318 
-285969 
-331479 
-357832 
-338305 
-307854 
-295423 
-275256 
-226191 
-184537 
-187371 
-208223 
-203444 
-183924 
-181876 
-179158 
-134864 
-62997 
-15041 
2971 
28698 
64694 
72332 
50112 
48083 
87363 
130248 
153242 
185821 
244302 
287867 
283315 
261664 
262841 
270618 
255795 
242591 
270309 
319335 
339650 
331466 
332006 
337508 
308831 
250713 
214785 
216660 
217094 
198841 
194718 
216033 
218479 
173647 
116773 
83599 
53275 
548 
-44546 
-45015 
-25701 
-34239 
-64336 
-80105 
-91627 
-137770 
-207636 
-249073 
-252362 
-257662 
-275922 
-272084 
-240556 
-228699 
-259966 
-295976 
-306176 
-315845 
-346023 
-361801 
-329682 
-279748 
-256852 
-249327 
-223888 
-197154 
-207234 
-237519 
-236592 
-201033 
-171344 
-152288 
-107671 
-38131 
6550 
8116 
7197 
28543 
43068 
34510 
42039 
95015 
158725 
191981 
211563 
247531 
277254 
264476 
231589 
228680 
253260 
265714 
267886 
296611 
345263 
362918 
337230 
310675 
302226 
280173 
233951 
206700 
223456 
245896 
237574 
220231 
220307 
209907 
155736 
85916 
48585 
35748 
9735 
-20932 
-19542 
1340 
-9411 
-58059 
-101166 
-125889 
-165843 
-225651 
-259145 
-246311 
-228598 
-237371 
-246822 
-235116 
-235210 
-277051 
-327599 
-341877 
-333479 
-337697 
-339953 
-304961 
-251558 
-230594 
-242627 
-244564 
-230256 
-234760 
-256870 
-248579 
-195620 
-142101 
-114088 
-82664 
-31408 
2097 
-8245 
-25158 
-7675 
25371 
41843 
62053 
119067 
188083 
219526 
218606 
227365 
245438 
237445 
210833 
214868 
258133 
295038 
305572 
321375 
353380 
360499 
321488 
277643 
265664 
262444 
240157 
224832 
246931 
276423 
266253 
227554 
200788 
179489 
129134 
63698 
33055 
40169 
39026 
16086 
5009 
10955 
-9839 
-73279 
-134803 
-162624 
-183596 
-220706 
-242923 
-223319 
-196921 
-207715 
-239266 
-253847 
-264139 
-303298 
-351319 
-359004 
-329434 
-308565 
-303744 
-280579 
-240355 
-229092 
-257421 
-278716 
-266998 
-252545 
-253314 
-234273 
-173015 
-109311 
-83619 
-74905 
-49205 
-25269 
-34222 
-50400 
-26268 
29104 
70677 
97324 
143340 
200954 
222879 
204155 
192806 
208849 
219603 
212874 
227272 
280445 
328884 
336689 
329325 
336665 
334751 
295693 
250874 
245747 
265911 
268546 
259054 
271163 
291026 
271362 
213372 
165944 
143203 
111196 
64111 
43589 
62277 
73851 
47689 
13156 
-4531 
-33935 
-98984 
-163082 
-183717 
-180365 
-192917 
-209845 
-199046 
-180539 
-200960 
-253241 
-288840 
-299982 
-321390 
-352637 
-350290 
-307445 
-272855 
-271816 
-272212 
-254468 
-251522 
-283128 
-308469 
-289114 
-249537 
-226284 
-202416 
-148616 
-91121 
-75336 
-88720 
-84199 
-60545 
-52536 
-53541 
-19305 
51047 
107159 
129426 
151966 
188349 
202109 
178356 
161635 
185863 
222384 
238985 
257851 
305063 
348890 
346369 
315639 
301827 
300153 
277078 
245838 
251043 
287869 
305674 
291187 
280104 
280055 
252228 
187398 
133431 
119500 
113727 
89145 
72852 
87207 
95664 
58631 
-415 
-39050 
-67764 
-117988 
-170071 
-179991 
-158341 
-155284 
-177813 
-189721 
-189759 
-218501 
-279468 
-322601 
-324256 
-319149 
-328836 
-322361 
-282110 
-249266 
-259751 
-285666 
-288500 
-284506 
-302616 
-317449 
-286851 
-227413 
-188300 
-170603 
-138824 
-98490 
-91343 
-115267 
-119096 
-85247 
-50640 
-31119 
7293 
76876 
132473 
142473 
138651 
154974 
170025 
158286 
150646 
186781 
244626 
277160 
289342 
315412 
343459 
331823 
288718 
265920 
275154 
278558 
266741 
276327 
314277 
332641 
305077 
266967 
247505 
221082 
166645 
120434 
119194 
136086 
127340 
103935 
98215 
92237 
45458 
-27751 
-75824 
-92939 
-117011 
-150811 
-155982 
-131281 
-126753 
-163213 
-202625 
-221321 
-248692 
-301001 
-337583 
-325659 
-296688 
-290793 
-291753 
-270337 
-250639 
-271647 
-313441 
-325988 
-309751 
-302237 
-299946 
-264065 
-199637 
-158311 
-155421 
-151422 
-128907 
-120581 
-137674 
-136021 
-87621 
-28114 
6597 
37374 
89522 
133183 
131749 
110429 
116934 
144803 
157959 
166297 
208411 
273169 
308482 
304988 
303208 
314333 
303520 
265351 
247116 
271933 
301095 
303958 
305852 
327905 
335443 
295415 
238308 
209083 
195956 
165498 
134153 
139747 
165433 
159859 
119940 
86506 
64539 
18055 
-52156 
-96426 
-96888 
-94533 
-114263 
-127027 
-116564 
-121871 
-171927 
-231693 
-259952 
-273662 
-303087 
-325855 
-306093 
-266518 
-257227 
-275483 
-281440 
-276790 
-298202 
-338949 
-348289 
-314315 
-279906 
-264228 
-235674 
-183729 
-151382 
-163300 
-180852 
-167570 
-145356 
-140821 
-126323 
-68948 
2881 
41052 
53832 
79149 
108686 
105978 
83766 
93050 
139725 
180041 
201031 
236260 
290362 
317405 
297835 
273481 
275811 
278961 
261021 
254765 
289814 
332898 
339135 
322437 
318390 
312686 
270354 
210454 
183746 
190456 
187215 
167764 
167093 
183994 
170704 
113407 
56565 
26327 
-6285 
-57786 
-90825 
-79696 
-61956 
-78534 
-110360 
-125086 
-142820 
-196363 
-260757 
-286601 
-279509 
-281862 
-293494 
-279198 
-246518 
-244548 
-281493 
-311495 
-314528 
-322335 
-345993 
-344714 
-297711 
-246610 
-228118 
-218950 
-191122 
-170474 
-187201 
-211126 
-195381 
-151488 
-120225 
-95322 
-42438 
24377 
55459 
48260 
49095 
71575 
82020 
75204 
94641 
155840 
213982 
237352 
253032 
284231 
300199 
274375 
242015 
246997 
272590 
280845 
284312 
316015 
355931 
355151 
317227 
288464 
276343 
246524 
200282 
183413 
206173 
221711 
204130 
183923 
179258 
155391 
90293 
23944 
-3328 
-12867 
-38883 
-62807 
-53721 
-37364 
-61039 
-115268 
-154743 
-178266 
-220123 
-272620 
-288779 
-264106 
-246919 
-257242 
-262284 
-249735 
-257980 
-304354 
-345213 
-344860 
-329120 
-328159 
-318278 
-271873 
-220455 
-209285 
-223602 
-220362 
-204912 
-210961 
-224745 
-199312 
-136326 
-84958 
-59334 
-25397 
22796 
43877 
25562 
14356 
40727 
75027 
91820 
119459 
181633 
241684 
257377 
248609 
255564 
266865 
250533 
226593 
241422 
287570 
316298 
319897 
333240 
356090 
345368 
294610 
252799 
245138 
239298 
215536 
206599 
232012 
250924 
225195 
179717 
151324 
123237 
66281 
6689 
-10429 
1976 
-3391 
-27748 
-36242 
-35374 
-69090 
-137877 
-191223 
-209678 
-227624 
-258865 
-267222 
-238130 
-216251 
-235289 
-266266 
-276775 
-288897 
-328627 
-364312 
-353360 
-314382 
-292786 
-283856 
-254060 
-216558 
-215686 
-246263 
-257529 
-236388 
-218795 
-212619 
-179358 
-110130 
-52910 
-36644 
-29131 
-3190 
14235 
933 
-6578 
30963 
89670 
126909 
153153 
199869 
247546 
252530 
225846 
217852 
235455 
242296 
236974 
259814 
314063 
349633 
343178 
329795 
331314 
317020 
269532 
230062 
234248 
253842 
250171 
239490 
250769 
258790 
221796 
156820 
113220 
92011 
57557 
15223 
6459 
28832 
31118 
-4016 
-39340 
-58792 
-96146 
-163493 
-215714 
-221554 
-213201 
-224853 
-235188 
-218755 
-206362 
-237356 
-289314 
-315109 
-319838 
-337931 
-357712 
-337902 
-287110 
-257230 
-259803 
-256737 
-238479 
-241469 
-272501 
-283704 
-249114 
-204534 
-179397 
-148219 
-90035 
-40998 
-37500 
-52328 
-41585 
-16337 
-9053 
-1981 
45075 
117399 
163372 
177407 
197699 
227251 
227982 
198912 
190082 
222011 
256337 
269240 
290042 
334976 
363547 
343409 
306466 
293032 
286885 
258756 
232606 
247111 
282052 
287388 
263841 
249205 
240233 
198432 
129125 
83961 
77975 
71305 
46376 
35776 
50658 
46992 
-2823 
-62762 
-96786 
-125794 
-175168 
-215253 
-209837 
-184504 
-187044 
-210831 
-219604 
-223082 
-259603 
-317820 
-345733 
-334350 
-324567 
-327820 
-309476 
-264284 
-239457 
-257770 
-280199 
-276012 
-270601 
-285187 
-285336 
-238434 
-175360 
-141168 
-123929 
-90054 
-55803 
-58708 
-81682 
-73438 
-31220 
3825 
26514 
72646 
141303 
182962 
180162 
174271 
190347 
199379 
185108 
186368 
231767 
285958 
307717 
314207 
335909 
350718 
323152 
276246 
260098 
271722 
271034 
259582 
273877 
307100 
308697 
267207 
225899 
204122 
170351 
114101 
78196 
86918 
101325 
84926 
59779 
52666 
36180 
-22225 
-93851 
-130643 
-141163 
-163614 
-189902 
-183812 
-158261 
-164130 
-206954 
-242684 
-258248 
-287185 
-334160 
-353498 
-326112 
-294214 
-289370 
-285655 
-261079 
-248233 
-276416 
-312139 
-310626 
-286114 
-274488 
-261697 
-213074 
-147885 
-116777 
-119629 
-112790 
-89883 
-85830 
-99422 
-83132 
-23583 
34427 
64694 
96282 
145826 
176223 
162171 
141515 
155145 
183763 
194816 
208225 
256544 
314685 
333444 
318854 
313644 
317850 
296436 
257034 
248563 
278853 
301784 
297329 
297344 
313053 
303974 
249770 
192383 
168503 
154656 
122681 
98222 
111203 
131304 
111839 
64714 
31012 
4636 
-48600 
-114593 
-143915 
-134452 
-132832 
-152741 
-160483 
-150771 
-166878 
-223933 
-276887 
-294115 
-302952 
-326844 
-335332 
-302225 
-263001 
-261429 
-280476 
-281977 
-278359 
-302526 
-334451 
-325518 
-279752 
-243802 
-225264 
-189836 
-138764 
-117609 
-136242 
-147589 
-125832 
-101680 
-93503 
-66836 
0 
66836 
93503 
101680 
125832 
147589 
136242 
117609 
138764 
189836 
225264 
243802 
279752 
325518 
334451 
302526 
278359 
281977 
280476 
261429 
263001 
302225 
335332 
326844 
302952 
294115 
276887 
223933 
166878 
150771 
160483 
152741 
132832 
134452 
143915 
114593 
48600 
-4636 
-31012 
-64714 
-111839 
-131304 
-111203 
-98222 
-122681 
-154656 
-168503 
-192383 
-249770 
-303974 
-313053 
-297344 
-297329 
-301784 
-278853 
-248563 
-257034 
-296436 
-317850 
-313644 
-318854 
-333444 
-314685 
-256544 
-208225 
-194816 
-183763 
-155145 
-141515 
-162171 
-176223 
-145826 
-96282 
-64694 
-34427 
23583 
83132 
99422 
85830 
89883 
112790 
119629 
116777 
147885 
213074 
261697 
274488 
286114 
310626 
312139 
276416 
248233 
261079 
285655 
289370 
294214 
326112 
353498 
334160 
287185 
258248 
242684 
206954 
164130 
158261 
183812 
189902 
163614 
141163 
130643 
93851 
22225 
-36180 
-52666 
-59779 
-84926 
-101325 
-86918 
-78196 
-114101 
-170351 
-204122 
-225899 
-267207 
-308697 
-307100 
-273877 
-259582 
-271034 
-271722 
-260098 
-276246 
-323152 
-350718 
-335909 
-314207 
-307717 
-285958 
-231767 
-186368 
-185108 
-199379 
-190347 
-174271 
-180162 
-182962 
-141303 
-72646 
-26514 
-3825 
31220 
73438 
81682 
58708 
55803 
90054 
123929 
141168 
175360 
238434 
285336 
285187 
270601 
276012 
280199 
257770 
239457 
264284 
309476 
327820 
324567 
334350 
345733 
317820 
259603 
223082 
219604 
210831 
187044 
184504 
209837 
215253 
175168 
125794 
96786 
62762 
2823 
-46992 
-50658 
-35776 
-46376 
-71305 
-77975 
-83961 
-129125 
-198432 
-240233 
-249205 
-263841 
-287388 
-282052 
-247111 
-232606 
-258756 
-286885 
-293032 
-306466 
-343409 
-363547 
-334976 
-290042 
-269240 
-256337 
-222011 
-190082 
-198912 
-227982 
-227251 
-197699 
-177407 
-163372 
-117399 
-45075 
1981 
9053 
16337 
41585 
52328 
37500 
40998 
90035 
148219 
179397 
204534 
249114 
283704 
272501 
241469 
238479 
256737 
259803 
257230 
287110 
337902 
357712 
337931 
319838 
315109 
289314 
237356 
206362 
218755 
235188 
224853 
213201 
221554 
215714 
163493 
96146 
58792 
39340 
4016 
-31118 
-28832 
-6459 
-15223 
-57557 
-92011 
-113220 
-156820 
-221796 
-258790 
-250769 
-239490 
-250171 
-253842 
-234248 
-230062 
-269532 
-317020 
-331314 
-329795 
-343178 
-349633 
-314063 
-259814 
-236974 
-242296 
-235455 
-217852 
-225846 
-252530 
-247546 
-199869 
-153153 
-126909 
-89670 
-30963 
6578 
-933 
-14235 
3190 
29131 
36644 
52910 
110130 
179358 
212619 
218795 
236388 
257529 
246263 
215686 
216558 
254060 
283856 
292786 
314382 
353360 
364312 
328627 
288897 
276775 
266266 
235289 
216251 
238130 
267222 
258865 
227624 
209678 
191223 
137877 
69090 
35374 
36242 
27748 
3391 
-1976 
10429 
-6689 
-66281 
-123237 
-151324 
-179717 
-225195 
-250924 
-232012 
-206599 
-215536 
-239298 
-245138 
-252799 
-294610 
-345368 
-356090 
-333240 
-319897 
-316298 
-287570 
-241422 
-226593 
-250533 
-266865 
-255564 
-248609 
-257377 
-241684 
-181633 
-119459 
-91820 
-75027 
-40727 
-14356 
-25562 
-43877 
-22796 
25397 
59334 
84958 
136326 
199312 
224745 
210961 
204912 
220362 
223602 
209285 
220455 
271873 
318278 
328159 
329120 
344860 
345213 
304354 
257980 
249735 
262284 
257242 
246919 
264106 
288779 
272620 
220123 
178266 
154743 
115268 
61039 
37364 
53721 
62807 
38883 
12867 
3328 
-23944 
-90293 
-155391 
-179258 
-183923 
-204130 
-221711 
-206173 
-183413 
-200282 
-246524 
-276343 
-288464 
-317227 
-355151 
-355931 
-316015 
-284312 
-280845 
-272590 
-246997 
-242015 
-274375 
-300199 
-284231 
-253032 
-237352 
-213982 
-155840 
-94641 
-75204 
-82020 
-71575 
-49095 
-48260 
-55459 
-24377 
42438 
95322 
120225 
151488 
195381 
211126 
187201 
170474 
191122 
218950 
228118 
246610 
297711 
344714 
345993 
322335 
314528 
311495 
281493 
244548 
246518 
279198 
293494 
281862 
279509 
286601 
260757 
196363 
142820 
125086 
110360 
78534 
61956 
79696 
90825 
57786 
6285 
-26327 
-56565 
-113407 
-170704 
-183994 
-167093 
-167764 
-187215 
-190456 
-183746 
-210454 
-270354 
-312686 
-318390 
-322437 
-339135 
-332898 
-289814 
-254765 
-261021 
-278961 
-275811 
-273481 
-297835 
-317405 
-290362 
-236260 
-201031 
-180041 
-139725 
-93050 
-83766 
-105978 
-108686 
-79149 
-53832 
-41052 
-2881 
68948 
126323 
140821 
145356 
167570 
180852 
163300 
151382 
183729 
235674 
264228 
279906 
314315 
348289 
338949 
298202 
276790 
281440 
275483 
257227 
266518 
306093 
325855 
303087 
273662 
259952 
231693 
171927 
121871 
116564 
127027 
114263 
94533 
96888 
96426 
52156 
-18055 
-64539 
-86506 
-119940 
-159859 
-165433 
-139747 
-134153 
-165498 
-195956 
-209083 
-238308 
-295415 
-335443 
-327905 
-305852 
-303958 
-301095 
-271933 
-247116 
-265351 
-303520 
-314333 
-303208 
-304988 
-308482 
-273169 
-208411 
-166297 
-157959 
-144803 
-116934 
-110429 
-131749 
-133183 
-89522 
-37374 
-6597 
28114 
87621 
136021 
137674 
120581 
128907 
151422 
155421 
158311 
199637 
264065 
299946 
302237 
309751 
325988 
313441 
271647 
250639 
270337 
291753 
290793 
296688 
325659 
337583 
301001 
248692 
221321 
202625 
163213 
126753 
131281 
155982 
150811 
117011 
92939 
75824 
27751 
-45458 
-92237 
-98215 
-103935 
-127340 
-136086 
-119194 
-120434 
-166645 
-221082 
-247505 
-266967 
-305077 
-332641 
-314277 
-276327 
-266741 
-278558 
-275154 
-265920 
-288718 
-331823 
-343459 
-315412 
-289342 
-277160 
-244626 
-186781 
-150646 
-158286 
-170025 
-154974 
-138651 
-142473 
-132473 
-76876 
-7293 
31119 
50640 
85247 
119096 
115267 
91343 
98490 
138824 
170603 
188300 
227413 
286851 
317449 
302616 
284506 
288500 
285666 
259751 
249266 
282110 
322361 
328836 
319149 
324256 
322601 
279468 
218501 
189759 
189721 
177813 
155284 
158341 
179991 
170071 
117988 
67764 
39050 
415 
-58631 
-95664 
-87207 
-72852 
-89145 
-113727 
-119500 
-133431 
-187398 
-252228 
-280055 
-280104 
-291187 
-305674 
-287869 
-251043 
-245838 
-277078 
-300153 
-301827 
-315639 
-346369 
-348890 
-305063 
-257851 
-238985 
-222384 
-185863 
-161635 
-178356 
-202109 
-188349 
-151966 
-129426 
-107159 
-51047 
19305 
53541 
52536 
60545 
84199 
88720 
75336 
91121 
148616 
202416 
226284 
249537 
289114 
308469 
283128 
251522 
254468 
272212 
271816 
272855 
307445 
350290 
352637 
321390 
299982 
288840 
253241 
200960 
180539 
199046 
209845 
192917 
180365 
183717 
163082 
98984 
33935 
4531 
-13156 
-47689 
-73851 
-62277 
-43589 
-64111 
-111196 
-143203 
-165944 
-213372 
-271362 
-291026 
-271163 
-259054 
-268546 
-265911 
-245747 
-250874 
-295693 
-334751 
-336665 
-329325 
-336689 
-328884 
-280445 
-227272 
-212874 
-219603 
-208849 
-192806 
-204155 
-222879 
-200954 
-143340 
-97324 
-70677 
-29104 
26268 
50400 
34222 
25269 
49205 
74905 
83619 
109311 
173015 
234273 
253314 
252545 
266998 
278716 
257421 
229092 
240355 
280579 
303744 
308565 
329434 
359004 
351319 
303298 
264139 
253847 
239266 
207715 
196921 
223319 
242923 
220706 
183596 
162624 
134803 
73279 
9839 
-10955 
-5009 
-16086 
-39026 
-40169 
-33055 
-63698 
-129134 
-179489 
-200788 
-227554 
-266253 
-276423 
-246931 
-224832 
-240157 
-262444 
-265664 
-277643 
-321488 
-360499 
-353380 
-321375 
-305572 
-295038 
-258133 
-214868 
-210833 
-237445 
-245438 
-227365 
-218606 
-219526 
-188083 
-119067 
-62053 
-41843 
-25371 
7675 
25158 
8245 
-2097 
31408 
82664 
114088 
142101 
195620 
248579 
256870 
234760 
230256 
244564 
242627 
230594 
251558 
304961 
339953 
337697 
333479 
341877 
327599 
277051 
235210 
235116 
246822 
237371 
228598 
246311 
259145 
225651 
165843 
125889 
101166 
58059 
9411 
-1340 
19542 
20932 
-9735 
-35748 
-48585 
-85916 
-155736 
-209907 
-220307 
-220231 
-237574 
-245896 
-223456 
-206700 
-233951 
-280173 
-302226 
-310675 
-337230 
-362918 
-345263 
-296611 
-267886 
-265714 
-253260 
-228680 
-231589 
-264476 
-277254 
-247531 
-211563 
-191981 
-158725 
-95015 
-42039 
-34510 
-43068 
-28543 
-7197 
-8116 
-6550 
38131 
107671 
152288 
171344 
201033 
236592 
237519 
207234 
197154 
223888 
249327 
256852 
279748 
329682 
361801 
346023 
315845 
306176 
295976 
259966 
228699 
240556 
272084 
275922 
257662 
252362 
249073 
207636 
137770 
91627 
80105 
64336 
34239 
25701 
45015 
44546 
-548 
-53275 
-83599 
-116773 
-173647 
-218479 
-216033 
-194718 
-198841 
-217094 
-216660 
-214785 
-250713 
-308831 
-337508 
-332006 
-331466 
-339650 
-319335 
-270309 
-242591 
-255795 
-270618 
-262841 
-261664 
-283315 
-287867 
-244302 
-185821 
-153242 
-130248 
-87363 
-48083 
-50112 
-72332 
-64694 
-28698 
-2971 
15041 
62997 
134864 
179158 
181876 
183924 
203444 
208223 
187371 
184537 
226191 
275256 
295423 
307854 
338305 
357832 
331479 
285969 
269318 
274391 
264379 
248513 
264425 
300220 
304249 
268695 
235596 
217088 
179100 
116793 
77064 
81600 
90393 
72468 
53408 
54723 
42666 
-14138 
-83750 
-120995 
-138373 
-170087 
-200524 
-193084 
-165604 
-169193 
-205658 
-232974 
-245469 
-278527 
-331002 
-353939 
-331206 
-305357 
-301933 
-292035 
-259405 
-242391 
-268539 
-301658 
-300602 
-283227 
-280733 
-271836 
-222187 
-155710 
-122418 
-118495 
-103106 
-77342 
-77254 
-95764 
-82898 
-28488 
23096 
52083 
89898 
147072 
181412 
169869 
152368 
165491 
186732 
188847 
198601 
247565 
306365 
327266 
319852 
323261 
330105 
304946 
261223 
249452 
274106 
290297 
284727 
290953 
313829 
308508 
257322 
203595 
179116 
157696 
117035 
89137 
102330 
122483 
105168 
65598 
40514 
16562 
-40138 
-109848 
-142398 
-139070 
-144441 
-165280 
-166887 
-150506 
-162995 
-216496 
-265335 
-283291 
-299845 
-332118 
-343860 
-311021 
-272325 
-268544 
-279691 
-272638 
-266800 
-294089 
-329129 
-323405 
-284266 
-255492 
-237689 
-196268 
-139049 
-114365 
-128889 
-135722 
-114852 
-98505 
-98355 
-74794 
-8751 
57015 
85995 
102378 
134957 
158749 
144680 
123524 
141436 
185406 
213540 
231538 
273275 
324649 
337073 
309822 
290509 
293059 
283725 
257046 
255616 
293489 
325028 
318993 
303567 
302972 
287623 
232401 
173395 
153960 
156120 
141032 
120771 
127908 
142434 
116616 
55864 
7758 
-19879 
-61378 
-115708 
-138117 
-119953 
-108992 
-130823 
-154124 
-159967 
-182091 
-241242 
-296853 
-309389 
-301651 
-308971 
-313605 
-285490 
-250682 
-255580 
-289182 
-305253 
-302510 
-315413 
-336757 
-320935 
-265338 
-219434 
-203197 
-183321 
-146984 
-131681 
-153551 
-168501 
-141733 
-100539 
-76214 
-45976 
16823 
80357 
100338 
93090 
102635 
123882 
123199 
114059 
142184 
204212 
250081 
265919 
286453 
318362 
321510 
285158 
256545 
265552 
281450 
278029 
282962 
319198 
350054 
334575 
294463 
271104 
253693 
210678 
162040 
153089 
174859 
177915 
154904 
141380 
137905 
102760 
31118 
-27296 
-47859 
-63927 
-96033 
-112261 
-94018 
-82314 
-114147 
-163049 
-191218 
-215007 
-263299 
-310131 
-311767 
-282939 
-271895 
-279840 
-271648 
-253357 
-267793 
-314079 
-341285 
-330816 
-318284 
-318533 
-296565 
-239086 
-191159 
-185575 
-192053 
-177450 
-163526 
-176036 
-183717 
-145496 
-81830 
-39106 
-12686 
31121 
79616 
89691 
67986 
65753 
95387 
119940 
130698 
165088 
230863 
279880 
284343 
277947 
288843 
290773 
262149 
239397 
260533 
300160 
315001 
315688 
334047 
351311 
325403 
269106 
233514 
225135 
206955 
176973 
174567 
201984 
209147 
173990 
133148 
109493 
73149 
7490 
-46349 
-54002 
-45226 
-59368 
-80172 
-78518 
-79016 
-121946 
-188686 
-229362 
-243517 
-267576 
-297013 
-291660 
-255276 
-239341 
-260227 
-279542 
-280507 
-296278 
-338417 
-362197 
-337951 
-299622 
-282347 
-265165 
-222831 
-185795 
-192110 
-217983 
-215986 
-191890 
-180968 
-172504 
-126691 
-53577 
-5356 
7331 
23647 
53870 
62313 
42852 
43050 
87391 
138517 
166233 
195765 
247978 
287314 
278956 
251730 
250086 
262636 
256454 
248631 
278119 
329043 
349808 
335995 
327086 
327101 
299096 
243101 
209104 
216404 
225381 
211690 
204504 
220061 
218633 
169632 
106668 
70689 
45301 
919 
-39149 
-37544 
-15694 
-23655 
-59672 
-84860 
-101572 
-147232 
-215626 
-255375 
-252864 
-249381 
-263273 
-262459 
-236138 
-227840 
-263674 
-306242 
-319184 
-323792 
-345980 
-357066 
-322520 
-269436 
-245890 
-244558 
-228438 
-206597 
-216441 
-245909 
-243483 
-201744 
-163100 
-139893 
-98205 
-33289 
8104 
4679 
-3213 
15495 
35160 
34182 
46096 
101899 
169342 
203266 
216411 
243227 
268350 
255504 
222782 
221239 
252372 
273885 
279975 
305926 
350561 
365150 
334026 
300144 
289198 
272311 
233211 
210073 
230095 
256813 
249128 
225140 
216295 
201573 
146974 
76680 
40637 
34712 
17793 
-9196 
-10364 
7123 
-6525 
-61062 
-111789 
-138840 
-173659 
-226844 
-256456 
-239884 
-217394 
-225605 
-241866 
-238790 
-242952 
-285631 
-337271 
-350286 
-334638 
-329795 
-328613 
-295904 
-245267 
-227082 
-245461 
-255245 
-243076 
-242535 
-258554 
-246568 
-189371 
-130628 
-102167 
-77670 
-34698 
-5036 
-16674 
-35265 
-16494 
24110 
49541 
72958 
128026 
194902 
223629 
215913 
216666 
232801 
229700 
208621 
216214 
264235 
306754 
317591 
326406 
350520 
353987 
313180 
267107 
256486 
261092 
247602 
235272 
255816 
283784 
270908 
224979 
190113 
167081 
121404 
60928 
33756 
46155 
50954 
28148 
10082 
8569 
-15728 
-81497 
-145755 
-172106 
-185029 
-213564 
-232973 
-214478 
-189010 
-202551 
-241743 
-264449 
-276273 
-311035 
-354675 
-358924 
-323537 
-296461 
-291692 
-275455 
-242222 
-234361 
-265579 
-290065 
-276731 
-254057 
-246527 
-224833 
-164190 
-100849 
-77993 
-77298 
-59682 
-37093 
-41989 
-54366 
-26777 
34934 
82914 
109315 
148529 
199645 
218219 
196026 
181086 
198920 
218008 
219257 
236190 
289285 
337892 
342730 
327008 
326365 
323270 
287868 
246282 
244683 
271693 
280869 
270939 
276439 
290310 
267296 
205246 
153884 
133129 
109508 
70039 
51979 
71164 
83393 
54094 
10913 
-14600 
-45047 
-106896 
-168309 
-185296 
-174616 
-180557 
-198108 
-193660 
-180630 
-204453 
-261387 
-301201 
-310150 
-323185 
-347211 
-342426 
-298483 
-262797 
-265096 
-274378 
-264251 
-262246 
-291158 
-314336 
-291167 
-243812 
-213942 
-190864 
-143092 
-90561 
-78284 
-96907 
-96818 
-70760 
-54458 
-48660 
-11960 
60112 
117708 
136411 
149887 
178907 
191786 
170176 
155131 
183380 
228087 
251255 
269188 
310756 
350122 
343936 
307397 
288998 
289933 
275003 
250132 
257882 
297063 
316681 
298388 
278127 
271008 
242313 
179035 
126298 
116632 
119405 
101284 
83949 
93102 
97581 
56677 
-8722 
-52038 
-77949 
-120245 
-166397 
-173639 
-148997 
-143855 
-170441 
-191575 
-198362 
-228008 
-288042 
-330345 
-327463 
-313504 
-316885 
-311522 
-275980 
-246657 
-261262 
-294043 
-301592 
-294623 
-305086 
-314425 
-280962 
-217901 
-176491 
-163104 
-140530 
-106600 
-100449 
-124080 
-127428 
-88748 
-45043 
-19413 
17861 
83276 
135776 
141364 
130205 
141835 
160005 
155566 
152995 
192235 
254317 
289300 
296930 
313885 
335885 
323106 
279640 
257030 
271402 
284086 
278146 
286620 
320979 
336631 
304330 
258460 
234378 
211179 
163639 
122090 
124244 
145965 
139761 
111578 
96901 
85238 
37114 
-37114 
-85238 
-96901 
-111578 
-139761 
-145965 
-124244 
-122090 
-163639 
-211179 
-234378 
-258460 
-304330 
-336631 
-320979 
-286620 
-278146 
-284086 
-271402 
-257030 
-279640 
-323106 
-335885 
-313885 
-296930 
-289300 
-254317 
-192235 
-152995 
-155566 
-160005 
-141835 
-130205 
-141364 
-135776 
-83276 
-17861 
19413 
45043 
88748 
127428 
124080 
100449 
106600 
140530 
163104 
176491 
217901 
280962 
314425 
305086 
294623 
301592 
294043 
261262 
246657 
275980 
311522 
316885 
313504 
327463 
330345 
288042 
228008 
198362 
191575 
170441 
143855 
148997 
173639 
166397 
120245 
77949 
52038 
8722 
-56677 
-97581 
-93102 
-83949 
-101284 
-119405 
-116632 
-126298 
-179035 
-242313 
-271008 
-278127 
-298388 
-316681 
-297063 
-257882 
-250132 
-275003 
-289933 
-288998 
-307397 
-343936 
-350122 
-310756 
-269188 
-251255 
-228087 
-183380 
-155131 
-170176 
-191786 
-178907 
-149887 
-136411 
-117708 
-60112 
11960 
48660 
54458 
70760 
96818 
96907 
78284 
90561 
143092 
190864 
213942 
243812 
291167 
314336 
291158 
262246 
264251 
274378 
265096 
262797 
298483 
342426 
347211 
323185 
310150 
301201 
261387 
204453 
180630 
193660 
198108 
180557 
174616 
185296 
168309 
106896 
45047 
14600 
-10913 
-54094 
-83393 
-71164 
-51979 
-70039 
-109508 
-133129 
-153884 
-205246 
-267296 
-290310 
-276439 
-270939 
-280869 
-271693 
-244683 
-246282 
-287868 
-323270 
-326365 
-327008 
-342730 
-337892 
-289285 
-236190 
-219257 
-218008 
-198920 
-181086 
-196026 
-218219 
-199645 
-148529 
-109315 
-82914 
-34934 
26777 
54366 
41989 
37093 
59682 
77298 
77993 
100849 
164190 
224833 
246527 
254057 
276731 
290065 
265579 
234361 
242222 
275455 
291692 
296461 
323537 
358924 
354675 
311035 
276273 
264449 
241743 
202551 
189010 
214478 
232973 
213564 
185029 
172106 
145755 
81497 
15728 
-8569 
-10082 
-28148 
-50954 
-46155 
-33756 
-60928 
-121404 
-167081 
-190113 
-224979 
-270908 
-283784 
-255816 
-235272 
-247602 
-261092 
-256486 
-267107 
-313180 
-353987 
-350520 
-326406 
-317591 
-306754 
-264235 
-216214 
-208621 
-229700 
-232801 
-216666 
-215913 
-223629 
-194902 
-128026 
-72958 
-49541 
-24110 
16494 
35265 
16674 
5036 
34698 
77670 
102167 
130628 
189371 
246568 
258554 
242535 
243076 
255245 
245461 
227082 
245267 
295904 
328613 
329795 
334638 
350286 
337271 
285631 
242952 
238790 
241866 
225605 
217394 
239884 
256456 
226844 
173659 
138840 
111789 
61062 
6525 
-7123 
10364 
9196 
-17793 
-34712 
-40637 
-76680 
-146974 
-201573 
-216295 
-225140 
-249128 
-256813 
-230095 
-210073 
-233211 
-272311 
-289198 
-300144 
-334026 
-365150 
-350561 
-305926 
-279975 
-273885 
-252372 
-221239 
-222782 
-255504 
-268350 
-243227 
-216411 
-203266 
-169342 
-101899 
-46096 
-34182 
-35160 
-15495 
3213 
-4679 
-8104 
33289 
98205 
139893 
163100 
201744 
243483 
245909 
216441 
206597 
228438 
244558 
245890 
269436 
322520 
357066 
345980 
323792 
319184 
306242 
263674 
227840 
236138 
262459 
263273 
249381 
252864 
255375 
215626 
147232 
101572 
84860 
59672 
23655 
15694 
37544 
39149 
-919 
-45301 
-70689 
-106668 
-169632 
-218633 
-220061 
-204504 
-211690 
-225381 
-216404 
-209104 
-243101 
-299096 
-327101 
-327086 
-335995 
-349808 
-329043 
-278119 
-248631 
-256454 
-262636 
-250086 
-251730 
-278956 
-287314 
-247978 
-195765 
-166233 
-138517 
-87391 
-43050 
-42852 
-62313 
-53870 
-23647 
-7331 
5356 
53577 
126691 
172504 
180968 
191890 
215986 
217983 
192110 
185795 
222831 
265165 
282347 
299622 
337951 
362197 
338417 
296278 
280507 
279542 
260227 
239341 
255276 
291660 
297013 
267576 
243517 
229362 
188686 
121946 
79016 
78518 
80172 
59368 
45226 
54002 
46349 
-7490 
-73149 
-109493 
-133148 
-173990 
-209147 
-201984 
-174567 
-176973 
-206955 
-225135 
-233514 
-269106 
-325403 
-351311 
-334047 
-315688 
-315001 
-300160 
-260533 
-239397 
-262149 
-290773 
-288843 
-277947 
-284343 
-279880 
-230863 
-165088 
-130698 
-119940 
-95387 
-65753 
-67986 
-89691 
-79616 
-31121 
12686 
39106 
81830 
145496 
183717 
176036 
163526 
177450 
192053 
185575 
191159 
239086 
296565 
318533 
318284 
330816 
341285 
314079 
267793 
253357 
271648 
279840 
271895 
282939 
311767 
310131 
263299 
215007 
191218 
163049 
114147 
82314 
94018 
112261 
96033 
63927 
47859 
27296 
-31118 
-102760 
-137905 
-141380 
-154904 
-177915 
-174859 
-153089 
-162040 
-210678 
-253693 
-271104 
-294463 
-334575 
-350054 
-319198 
-282962 
-278029 
-281450 
-265552 
-256545 
-285158 
-321510 
-318362 
-286453 
-265919 
-250081 
-204212 
-142184 
-114059 
-123199 
-123882 
-102635 
-93090 
-100338 
-80357 
-16823 
45976 
76214 
100539 
141733 
168501 
153551 
131681 
146984 
183321 
203197 
219434 
265338 
320935 
336757 
315413 
302510 
305253 
289182 
255580 
250682 
285490 
313605 
308971 
301651 
309389 
296853 
241242 
182091 
159967 
154124 
130823 
108992 
119953 
138117 
115708 
61378 
19879 
-7758 
-55864 
-116616 
-142434 
-127908 
-120771 
-141032 
-156120 
-153960 
-173395 
-232401 
-287623 
-302972 
-303567 
-318993 
-325028 
-293489 
-255616 
-257046 
-283725 
-293059 
-290509 
-309822 
-337073 
-324649 
-273275 
-231538 
-213540 
-185406 
-141436 
-123524 
-144680 
-158749 
-134957 
-102378 
-85995 
-57015 
8751 
74794 
98355 
98505 
114852 
135722 
128889 
114365 
139049 
196268 
237689 
255492 
284266 
323405 
329129 
294089 
266800 
272638 
279691 
268544 
272325 
311021 
343860 
332118 
299845 
283291 
265335 
216496 
162995 
150506 
166887 
165280 
144441 
139070 
142398 
109848 
40138 
-16562 
-40514 
-65598 
-105168 
-122483 
-102330 
-89137 
-117035 
-157696 
-179116 
-203595 
-257322 
-308508 
-313829 
-290953 
-284727 
-290297 
-274106 
-249452 
-261223 
-304946 
-330105 
-323261 
-319852 
-327266 
-306365 
-247565 
-198601 
-188847 
-186732 
-165491 
-152368 
-169869 
-181412 
-147072 
-89898 
-52083 
-23096 
28488 
82898 
95764 
77254 
77342 
103106 
118495 
122418 
155710 
222187 
271836 
280733 
283227 
300602 
301658 
268539 
242391 
259405 
292035 
301933 
305357 
331206 
353939 
331002 
278527 
245469 
232974 
205658 
169193 
165604 
193084 
200524 
170087 
138373 
120995 
83750 
14138 
-42666 
-54723 
-53408 
-72468 
-90393 
-81600 
-77064 
-116793 
-179100 
-217088 
-235596 
-268695 
-304249 
-300220 
-264425 
-248513 
-264379 
-274391 
-269318 
-285969 
-331479 
-357832 
-338305 
-307854 
-295423 
-275256 
-226191 
-184537 
-187371 
-208223 
-203444 
-183924 
-181876 
-179158 
-134864 
-62997 
-15041 
2971 
28698 
64694 
72332 
50112 
48083 
87363 
130248 
153242 
185821 
244302 
287867 
283315 
261664 
262841 
270618 
255795 
242591 
270309 
319335 
339650 
331466 
332006 
337508 
308831 
250713 
214785 
216660 
217094 
198841 
194718 
216033 
218479 
173647 
116773 
83599 
53275 
548 
-44546 
-45015 
-25701 
-34239 
-64336 
-80105 
-91627 
-137770 
-207636 
-249073 
-252362 
-257662 
-275922 
-272084 
-240556 
-228699 
-259966 
-295976 
-306176 
-315845 
-346023 
-361801 
-329682 
-279748 
-256852 
-249327 
-223888 
-197154 
-207234 
-237519 
-236592 
-201033 
-171344 
-152288 
-107671 
-38131 
6550 
8116 
7197 
28543 
43068 
34510 
42039 
95015 
158725 
191981 
211563 
247531 
277254 
264476 
231589 
228680 
253260 
265714 
267886 
296611 
345263 
362918 
337230 
310675 
302226 
280173 
233951 
206700 
223456 
245896 
237574 
220231 
220307 
209907 
155736 
85916 
48585 
35748 
9735 
-20932 
-19542 
1340 
-9411 
-58059 
-101166 
-125889 
-165843 
-225651 
-259145 
-246311 
-228598 
-237371 
-246822 
-235116 
-235210 
-277051 
-327599 
-341877 
-333479 
-337697 
-339953 
-304961 
-251558 
-230594 
-242627 
-244564 
-230256 
-234760 
-256870 
-248579 
-195620 
-142101 
-114088 
-82664 
-31408 
2097 
-8245 
-25158 
-7675 
25371 
41843 
62053 
119067 
188083 
219526 
218606 
227365 
245438 
237445 
210833 
214868 
258133 
295038 
305572 
321375 
353380 
360499 
321488 
277643 
265664 
262444 
240157 
224832 
246931 
276423 
266253 
227554 
200788 
179489 
129134 
63698 
33055 
40169 
39026 
16086 
5009 
10955 
-9839 
-73279 
-134803 
-162624 
-183596 
-220706 
-242923 
-223319 
-196921 
-207715 
-239266 
-253847 
-264139 
-303298 
-351319 
-359004 
-329434 
-308565 
-303744 
-280579 
-240355 
-229092 
-257421 
-278716 
-266998 
-252545 
-253314 
-234273 
-173015 
-109311 
-83619 
-74905 
-49205 
-25269 
-34222 
-50400 
-26268 
29104 
70677 
97324 
143340 
200954 
222879 
204155 
192806 
208849 
219603 
212874 
227272 
280445 
328884 
336689 
329325 
336665 
334751 
295693 
250874 
245747 
265911 
268546 
259054 
271163 
291026 
271362 
213372 
165944 
143203 
111196 
64111 
43589 
62277 
73851 
47689 
13156 
-4531 
-33935 
-98984 
-163082 
-183717 
-180365 
-192917 
-209845 
-199046 
-180539 
-200960 
-253241 
-288840 
-299982 
-321390 
-352637 
-350290 
-307445 
-272855 
-271816 
-272212 
-254468 
-251522 
-283128 
-308469 
-289114 
-249537 
-226284 
-202416 
-148616 
-91121 
-75336 
-88720 
-84199 
-60545 
-52536 
-53541 
-19305 
51047 
107159 
129426 
151966 
188349 
202109 
178356 
161635 
185863 
222384 
238985 
257851 
305063 
348890 
346369 
315639 
301827 
300153 
277078 
245838 
251043 
287869 
305674 
291187 
280104 
280055 
252228 
187398 
133431 
119500 
113727 
89145 
72852 
87207 
95664 
58631 
-415 
-39050 
-67764 
-117988 
-170071 
-179991 
-158341 
-155284 
-177813 
-189721 
-189759 
-218501 
-279468 
-322601 
-324256 
-319149 
-328836 
-322361 
-282110 
-249266 
-259751 
-285666 
-288500 
-284506 
-302616 
-317449 
-286851 
-227413 
-188300 
-170603 
-138824 
-98490 
-91343 
-115267 
-119096 
-85247 
-50640 
-31119 
7293 
76876 
132473 
142473 
138651 
154974 
170025 
158286 
150646 
186781 
244626 
277160 
289342 
315412 
343459 
331823 
288718 
265920 
275154 
278558 
266741 
276327 
314277 
332641 
305077 
266967 
247505 
221082 
166645 
120434 
119194 
136086 
127340 
103935 
98215 
92237 
45458 
-27751 
-75824 
-92939 
-117011 
-150811 
-155982 
-131281 
-126753 
-163213 
-202625 
-221321 
-248692 
-301001 
-337583 
-325659 
-296688 
-290793 
-291753 
-270337 
-250639 
-271647 
-313441 
-325988 
-309751 
-302237 
-299946 
-264065 
-199637 
-158311 
-155421 
-151422 
-128907 
-120581 
-137674 
-136021 
-87621 
-28114 
6597 
37374 
89522 
133183 
131749 
110429 
116934 
144803 
157959 
166297 
208411 
273169 
308482 
304988 
303208 
314333 
303520 
265351 
247116 
271933 
301095 
303958 
305852 
327905 
335443 
295415 
238308 
209083 
195956 
165498 
134153 
139747 
165433 
159859 
119940 
86506 
64539 
18055 
-52156 
-96426 
-96888 
-94533 
-114263 
-127027 
-116564 
-121871 
-171927 
-231693 
-259952 
-273662 
-303087 
-325855 
-306093 
-266518 
-257227 
-275483 
-281440 
-276790 
-298202 
-338949 
-348289 
-314315 
-279906 
-264228 
-235674 
-183729 
-151382 
-163300 
-180852 
-167570 
-145356 
-140821 
-126323 
-68948 
2881 
41052 
53832 
79149 
108686 
105978 
83766 
93050 
139725 
180041 
201031 
236260 
290362 
317405 
297835 
273481 
275811 
278961 
261021 
254765 
289814 
332898 
339135 
322437 
318390 
312686 
270354 
210454 
183746 
190456 
187215 
167764 
167093 
183994 
170704 
113407 
56565 
26327 
-6285 
-57786 
-90825 
-79696 
-61956 
-78534 
-110360 
-125086 
-142820 
-196363 
-260757 
-286601 
-279509 
-281862 
-293494 
-279198 
-246518 
-244548 
-281493 
-311495 
-314528 
-322335 
-345993 
-344714 
-297711 
-246610 
-228118 
-218950 
-191122 
-170474 
-187201 
-211126 
-195381 
-151488 
-120225 
-95322 
-42438 
24377 
55459 
48260 
49095 
71575 
82020 
75204 
94641 
155840 
213982 
237352 
253032 
284231 
300199 
274375 
242015 
246997 
272590 
280845 
284312 
316015 
355931 
355151 
317227 
288464 
276343 
246524 
200282 
183413 
206173 
221711 
204130 
183923 
179258 
155391 
90293 
23944 
-3328 
-12867 
-38883 
-62807 
-53721 
-37364 
-61039 
-115268 
-154743 
-178266 
-220123 
-272620 
-288779 
-264106 
-246919 
-257242 
-262284 
-249735 
-257980 
-304354 
-345213 
-344860 
-329120 
-328159 
-318278 
-271873 
-220455 
-209285 
-223602 
-220362 
-204912 
-210961 
-224745 
-199312 
-136326 
-84958 
-59334 
-25397 
22796 
43877 
25562 
14356 
40727 
75027 
91820 
119459 
181633 
241684 
257377 
248609 
255564 
266865 
250533 
226593 
241422 
287570 
316298 
319897 
333240 
356090 
345368 
294610 
252799 
245138 
239298 
215536 
206599 
232012 
250924 
225195 
179717 
151324 
123237 
66281 
6689 
-10429 
1976 
-3391 
-27748 
-36242 
-35374 
-69090 
-137877 
-191223 
-209678 
-227624 
-258865 
-267222 
-238130 
-216251 
-235289 
-266266 
-276775 
-288897 
-328627 
-364312 
-353360 
-314382 
-292786 
-283856 
-254060 
-216558 
-215686 
-246263 
-257529 
-236388 
-218795 
-212619 
-179358 
-110130 
-52910 
-36644 
-29131 
-3190 
14235 
933 
-6578 
30963 
89670 
126909 
153153 
199869 
247546 
252530 
225846 
217852 
235455 
242296 
236974 
259814 
314063 
349633 
343178 
329795 
331314 
317020 
269532 
230062 
234248 
253842 
250171 
239490 
250769 
258790 
221796 
156820 
113220 
92011 
57557 
15223 
6459 
28832 
31118 
-4016 
-39340 
-58792 
-96146 
-163493 
-215714 
-221554 
-213201 
-224853 
-235188 
-218755 
-206362 
-237356 
-289314 
-315109 
-319838 
-337931 
-357712 
-337902 
-287110 
-257230 
-259803 
-256737 
-238479 
-241469 
-272501 
-283704 
-249114 
-204534 
-179397 
-148219 
-90035 
-40998 
-37500 
-52328 
-41585 
-16337 
-9053 
-1981 
45075 
117399 
163372 
177407 
197699 
227251 
227982 
198912 
190082 
222011 
256337 
269240 
290042 
334976 
363547 
343409 
306466 
293032 
286885 
258756 
232606 
247111 
282052 
287388 
263841 
249205 
240233 
198432 
129125 
83961 
77975 
71305 
46376 
35776 
50658 
46992 
-2823 
-62762 
-96786 
-125794 
-175168 
-215253 
-209837 
-184504 
-187044 
-210831 
-219604 
-223082 
-259603 
-317820 
-345733 
-334350 
-324567 
-327820 
-309476 
-264284 
-239457 
-257770 
-280199 
-276012 
-270601 
-285187 
-285336 
-238434 
-175360 
-141168 
-123929 
-90054 
-55803 
-58708 
-81682 
-73438 
-31220 
3825 
26514 
72646 
141303 
182962 
180162 
174271 
190347 
199379 
185108 
186368 
231767 
285958 
307717 
314207 
335909 
350718 
323152 
276246 
260098 
271722 
271034 
259582 
273877 
307100 
308697 
267207 
225899 
204122 
170351 
114101 
78196 
86918 
101325 
84926 
59779 
52666 
36180 
-22225 
-93851 
-130643 
-141163 
-163614 
-189902 
-183812 
-158261 
-164130 
-206954 
-242684 
-258248 
-287185 
-334160 
-353498 
-326112 
-294214 
-289370 
-285655 
-261079 
-248233 
-276416 
-312139 
-310626 
-286114 
-274488 
-261697 
-213074 
-147885 
-116777 
-119629 
-112790 
-89883 
-85830 
-99422 
-83132 
-23583 
34427 
64694 
96282 
145826 
176223 
162171 
141515 
155145 
183763 
194816 
208225 
256544 
314685 
333444 
318854 
313644 
317850 
296436 
257034 
248563 
278853 
301784 
297329 
297344 
313053 
303974 
249770 
192383 
168503 
154656 
122681 
98222 
111203 
131304 
111839 
64714 
31012 
4636 
-48600 
-114593 
-143915 
-134452 
-132832 
-152741 
-160483 
-150771 
-166878 
-223933 
-276887 
-294115 
-302952 
-326844 
-335332 
-302225 
-263001 
-261429 
-280476 
-281977 
-278359 
-302526 
-334451 
-325518 
-279752 
-243802 
-225264 
-189836 
-138764 
-117609 
-136242 
-147589 
-125832 
-101680 
-93503 
-66836 
0 
66836 
93503 
101680 
125832 
147589 
136242 
117609 
138764 
189836 
225264 
243802 
279752 
325518 
334451 
302526 
278359 
281977 
280476 
261429 
263001 
302225 
335332 
326844 
302952 
294115 
276887 
223933 
166878 
150771 
160483 
152741 
132832 
134452 
143915 
114593 
48600 
-4636 
-31012 
-64714 
-111839 
-131304 
-111203 
-98222 
-122681 
-154656 
-168503 
-192383 
-249770 
-303974 
-313053 
-297344 
-297329 
-301784 
-278853 
-248563 
-257034 
-296436 
-317850 
-313644 
-318854 
-333444 
-314685 
-256544 
-208225 
-194816 
-183763 
-155145 
-141515 
-162171 
-176223 
-145826 
-96282 
-64694 
-34427 
23583 
83132 
99422 
85830 
89883 
112790 
119629 
116777 
147885 
213074 
261697 
274488 
286114 
310626 
312139 
276416 
248233 
261079 
285655 
289370 
294214 
326112 
353498 
334160 
287185 
258248 
242684 
206954 
164130 
158261 
183812 
189902 
163614 
141163 
130643 
93851 
22225 
-36180 
-52666 
-59779 
-84926 
-101325 
-86918 
-78196 
-114101 
-170351 
-204122 
-225899 
-267207 
-308697 
-307100 
-273877 
-259582 
-271034 
-271722 
-260098 
-276246 
-323152 
-350718 
-335909 
-314207 
-307717 
-285958 
-231767 
-186368 
-185108 
-199379 
-190347 
-174271 
-180162 
-182962 
-141303 
-72646 
-26514 
-3825 
31220 
73438 
81682 
58708 
55803 
90054 
123929 
141168 
175360 
238434 
285336 
285187 
270601 
276012 
280199 
257770 
239457 
264284 
309476 
327820 
324567 
334350 
345733 
317820 
259603 
223082 
219604 
210831 
187044 
184504 
209837 
215253 
175168 
125794 
96786 
62762 
2823 
-46992 
-50658 
-35776 
-46376 
-71305 
-77975 
-83961 
-129125 
-198432 
-240233 
-249205 
-263841 
-287388 
-282052 
-247111 
-232606 
-258756 
-286885 
-293032 
-306466 
-343409 
-363547 
-334976 
-290042 
-269240 
-256337 
-222011 
-190082 
-198912 
-227982 
-227251 
-197699 
-177407 
-163372 
-117399 
-45075 
1981 
9053 
16337 
41585 
52328 
37500 
40998 
90035 
148219 
179397 
204534 
249114 
283704 
272501 
241469 
238479 
256737 
259803 
257230 
287110 
337902 
357712 
337931 
319838 
315109 
289314 
237356 
206362 
218755 
235188 
224853 
213201 
221554 
215714 
163493 
96146 
58792 
39340 
4016 
-31118 
-28832 
-6459 
-15223 
-57557 
-92011 
-113220 
-156820 
-221796 
-258790 
-250769 
-239490 
-250171 
-253842 
-234248 
-230062 
-269532 
-317020 
-331314 
-329795 
-343178 
-349633 
-314063 
-259814 
-236974 
-242296 
-235455 
-217852 
-225846 
-252530 
-247546 
-199869 
-153153 
-126909 
-89670 
-30963 
6578 
-933 
-14235 
3190 
29131 
36644 
52910 
110130 
179358 
212619 
218795 
236388 
257529 
246263 
215686 
216558 
254060 
283856 
292786 
314382 
353360 
364312 
328627 
288897 
276775 
266266 
235289 
216251 
238130 
267222 
258865 
227624 
209678 
191223 
137877 
69090 
35374 
36242 
27748 
3391 
-1976 
10429 
-6689 
-66281 
-123237 
-151324 
-179717 
-225195 
-250924 
-232012 
-206599 
-215536 
-239298 
-245138 
-252799 
-294610 
-345368 
-356090 
-333240 
-319897 
-316298 
-287570 
-241422 
-226593 
-250533 
-266865 
-255564 
-248609 
-257377 
-241684 
-181633 
-119459 
-91820 
-75027 
-40727 
-14356 
-25562 
-43877 
-22796 
25397 
59334 
84958 
136326 
199312 
224745 
210961 
204912 
220362 
223602 
209285 
220455 
271873 
318278 
328159 
329120 
344860 
345213 
304354 
257980 
249735 
262284 
257242 
246919 
264106 
288779 
272620 
220123 
178266 
154743 
115268 
61039 
37364 
53721 
62807 
38883 
12867 
3328 
-23944 
-90293 
-155391 
-179258 
-183923 
-204130 
-221711 
-206173 
-183413 
-200282 
-246524 
-276343 
-288464 
-317227 
-355151 
-355931 
-316015 
-284312 
-280845 
-272590 
-246997 
-242015 
-274375 
-300199 
-284231 
-253032 
-237352 
-213982 
-155840 
-94641 
-75204 
-82020 
-71575 
-49095 
-48260 
-55459 
-24377 
42438 
95322 
120225 
151488 
195381 
211126 
187201 
170474 
191122 
218950 
228118 
246610 
297711 
344714 
345993 
322335 
314528 
311495 
281493 
244548 
246518 
279198 
293494 
281862 
279509 
286601 
260757 
196363 
142820 
125086 
110360 
78534 
61956 
79696 
90825 
57786 
6285 
-26327 
-56565 
-113407 
-170704 
-183994 
-167093 
-167764 
-187215 
-190456 
-183746 
-210454 
-270354 
-312686 
-318390 
-322437 
-339135 
-332898 
-289814 
-254765 
-261021 
-278961 
-275811 
-273481 
-297835 
-317405 
-290362 
-236260 
-201031 
-180041 
-139725 
-93050 
-83766 
-105978 
-108686 
-79149 
-53832 
-41052 
-2881 
68948 
126323 
140821 
145356 
167570 
180852 
163300 
151382 
183729 
235674 
264228 
279906 
314315 
348289 
338949 
298202 
276790 
281440 
275483 
257227 
266518 
306093 
325855 
303087 
273662 
259952 
231693 
171927 
121871 
116564 
127027 
114263 
94533 
96888 
96426 
52156 
-18055 
-64539 
-86506 
-119940 
-159859 
-165433 
-139747 
-134153 
-165498 
-195956 
-209083 
-238308 
-295415 
-335443 
-327905 
-305852 
-303958 
-301095 
-271933 
-247116 
-265351 
-303520 
-314333 
-303208 
-304988 
-308482 
-273169 
-208411 
-166297 
-157959 
-144803 
-116934 
-110429 
-131749 
-133183 
-89522 
-37374 
-6597 
28114 
87621 
136021 
137674 
120581 
128907 
151422 
155421 
158311 
199637 
264065 
299946 
302237 
309751 
325988 
313441 
271647 
250639 
270337 
291753 
290793 
296688 
325659 
337583 
301001 
248692 
221321 
202625 
163213 
126753 
131281 
155982 
150811 
117011 
92939 
75824 
27751 
-45458 
-92237 
-98215 
-103935 
-127340 
-136086 
-119194 
-120434 
-166645 
-221082 
-247505 
-266967 
-305077 
-332641 
-314277 
-276327 
-266741 
-278558 
-275154 
-265920 
-288718 
-331823 
-343459 
-315412 
-289342 
-277160 
-244626 
-186781 
-150646 
-158286 
-170025 
-154974 
-138651 
-142473 
-132473 
-76876 
-7293 
31119 
50640 
85247 
119096 
115267 
91343 
98490 
138824 
170603 
188300 
227413 
286851 
317449 
302616 
284506 
288500 
285666 
259751 
249266 
282110 
322361 
328836 
319149 
324256 
322601 
279468 
218501 
189759 
189721 
177813 
155284 
158341 
179991 
170071 
117988 
67764 
39050 
415 
-58631 
-95664 
-87207 
-72852 
-89145 
-113727 
-119500 
-133431 
-187398 
-252228 
-280055 
-280104 
-291187 
-305674 
-287869 
-251043 
-245838 
-277078 
-300153 
-301827 
-315639 
-346369 
-348890 
-305063 
-257851 
-238985 
-222384 
-185863 
-161635 
-178356 
-202109 
-188349 
-151966 
-129426 
-107159 
-51047 
19305 
53541 
52536 
60545 
84199 
88720 
75336 
91121 
148616 
202416 
226284 
249537 
289114 
308469 
283128 
251522 
254468 
272212 
271816 
272855 
307445 
350290 
352637 
321390 
299982 
288840 
253241 
200960 
180539 
199046 
209845 
192917 
180365 
183717 
163082 
98984 
33935 
4531 
-13156 
-47689 
-73851 
-62277 
-43589 
-64111 
-111196 
-143203 
-165944 
-213372 
-271362 
-291026 
-271163 
-259054 
-268546 
-265911 
-245747 
-250874 
-295693 
-334751 
-336665 
-329325 
-336689 
-328884 
-280445 
-227272 
-212874 
-219603 
-208849 
-192806 
-204155 
-222879 
-200954 
-143340 
-97324 
-70677 
-29104 
26268 
50400 
34222 
25269 
49205 
74905 
83619 
109311 
173015 
234273 
253314 
252545 
266998 
278716 
257421 
229092 
240355 
280579 
303744 
308565 
329434 
359004 
351319 
303298 
264139 
253847 
239266 
207715 
196921 
223319 
242923 
220706 
183596 
162624 
134803 
73279 
9839 
-10955 
-5009 
-16086 
-39026 
-40169 
-33055 
-63698 
-129134 
-179489 
-200788 
-227554 
-266253 
-276423 
-246931 
-224832 
-240157 
-262444 
-265664 
-277643 
-321488 
-360499 
-353380 
-321375 
-305572 
-295038 
-258133 
-214868 
-210833 
-237445 
-245438 
-227365 
-218606 
-219526 
-188083 
-119067 
-62053 
-41843 
-25371 
7675 
25158 
8245 
-2097 
31408 
82664 
114088 
142101 
195620 
248579 
256870 
234760 
230256 
244564 
242627 
230594 
251558 
304961 
339953 
337697 
333479 
341877 
327599 
277051 
235210 
235116 
246822 
237371 
228598 
246311 
259145 
225651 
165843 
125889 
101166 
58059 
9411 
-1340 
19542 
20932 
-9735 
-35748 
-48585 
-85916 
-155736 
-209907 
-220307 
-220231 
-237574 
-245896 
-223456 
-206700 
-233951 
-280173 
-302226 
-310675 
-337230 
-362918 
-345263 
-296611 
-267886 
-265714 
-253260 
-228680 
-231589 
-264476 
-277254 
-247531 
-211563 
-191981 
-158725 
-95015 
-42039 
-34510 
-43068 
-28543 
-7197 
-8116 
-6550 
38131 
107671 
152288 
171344 
201033 
236592 
237519 
207234 
197154 
223888 
249327 
256852 
279748 
329682 
361801 
346023 
315845 
306176 
295976 
259966 
228699 
240556 
272084 
275922 
257662 
252362 
249073 
207636 
137770 
91627 
80105 
64336 
34239 
25701 
45015 
44546 
-548 
-53275 
-83599 
-116773 
-173647 
-218479 
-216033 
-194718 
-198841 
-217094 
-216660 
-214785 
-250713 
-308831 
-337508 
-332006 
-331466 
-339650 
-319335 
-270309 
-242591 
-255795 
-270618 
-262841 
-261664 
-283315 
-287867 
-244302 
-185821 
-153242 
-130248 
-87363 
-48083 
-50112 
-72332 
-64694 
-28698 
-2971 
15041 
62997 
134864 
179158 
181876 
183924 
203444 
208223 
187371 
184537 
226191 
275256 
295423 
307854 
338305 
357832 
331479 
285969 
269318 
274391 
264379 
248513 
264425 
300220 
304249 
268695 
235596 
217088 
179100 
116793 
77064 
81600 
90393 
72468 
53408 
54723 
42666 
-14138 
-83750 
-120995 
-138373 
-170087 
-200524 
-193084 
-165604 
-169193 
-205658 
-232974 
-245469 
-278527 
-331002 
-353939 
-331206 
-305357 
-301933 
-292035 
-259405 
-242391 
-268539 
-301658 
-300602 
-283227 
-280733 
-271836 
-222187 
-155710 
-122418 
-118495 
-103106 
-77342 
-77254 
-95764 
-82898 
-28488 
23096 
52083 
89898 
147072 
181412 
169869 
152368 
165491 
186732 
188847 
198601 
247565 
306365 
327266 
319852 
323261 
330105 
304946 
261223 
249452 
274106 
290297 
284727 
290953 
313829 
308508 
257322 
203595 
179116 
157696 
117035 
89137 
102330 
122483 
105168 
65598 
40514 
16562 
-40138 
-109848 
-142398 
-139070 
-144441 
-165280 
-166887 
-150506 
-162995 
-216496 
-265335 
-283291 
-299845 
-332118 
-343860 
-311021 
-272325 
-268544 
-279691 
-272638 
-266800 
-294089 
-329129 
-323405 
-284266 
-255492 
-237689 
-196268 
-139049 
-114365 
-128889 
-135722 
-114852 
-98505 
-98355 
-74794 
-8751 
57015 
85995 
102378 
134957 
158749 
144680 
123524 
141436 
185406 
213540 
231538 
273275 
324649 
337073 
309822 
290509 
293059 
283725 
257046 
255616 
293489 
325028 
318993 
303567 
302972 
287623 
232401 
173395 
153960 
156120 
141032 
120771 
127908 
142434 
116616 
55864 
7758 
-19879 
-61378 
-115708 
-138117 
-119953 
-108992 
-130823 
-154124 
-159967 
-182091 
-241242 
-296853 
-309389 
-301651 
-308971 
-313605 
-285490 
-250682 
-255580 
-289182 
-305253 
-302510 
-315413 
-336757 
-320935 
-265338 
-219434 
-203197 
-183321 
-146984 
-131681 
-153551 
-168501 
-141733 
-100539 
-76214 
-45976 
16823 
80357 
100338 
93090 
102635 
123882 
123199 
114059 
142184 
204212 
250081 
265919 
286453 
318362 
321510 
285158 
256545 
265552 
281450 
278029 
282962 
319198 
350054 
334575 
294463 
271104 
253693 
210678 
162040 
153089 
174859 
177915 
154904 
141380 
137905 
102760 
31118 
-27296 
-47859 
-63927 
-96033 
-112261 
-94018 
-82314 
-114147 
-163049 
-191218 
-215007 
-263299 
-310131 
-311767 
-282939 
-271895 
-279840 
-271648 
-253357 
-267793 
-314079 
-341285 
-330816 
-318284 
-318533 
-296565 
-239086 
-191159 
-185575 
-192053 
-177450 
-163526 
-176036 
-183717 
-145496 
-81830 
-39106 
-12686 
31121 
79616 
89691 
67986 
65753 
95387 
119940 
130698 
165088 
230863 
279880 
284343 
277947 
288843 
290773 
262149 
239397 
260533 
300160 
315001 
315688 
334047 
351311 
325403 
269106 
233514 
225135 
206955 
176973 
174567 
201984 
209147 
173990 
133148 
109493 
73149 
7490 
-46349 
-54002 
-45226 
-59368 
-80172 
-78518 
-79016 
-121946 
-188686 
-229362 
-243517 
-267576 
-297013 
-291660 
-255276 
-239341 
-260227 
-279542 
-280507 
-296278 
-338417 
-362197 
-337951 
-299622 
-282347 
-265165 
-222831 
-185795 
-192110 
-217983 
-215986 
-191890 
-180968 
-172504 
-126691 
-53577 
-5356 
7331 
23647 
53870 
62313 
42852 
43050 
87391 
138517 
166233 
195765 
247978 
287314 
278956 
251730 
250086 
262636 
256454 
248631 
278119 
329043 
349808 
335995 
327086 
327101 
299096 
243101 
209104 
216404 
225381 
211690 
204504 
220061 
218633 
169632 
106668 
70689 
45301 
919 
-39149 
-37544 
-15694 
-23655 
-59672 
-84860 
-101572 
-147232 
-215626 
-255375 
-252864 
-249381 
-263273 
-262459 
-236138 
-227840 
-263674 
-306242 
-319184 
-323792 
-345980 
-357066 
-322520 
-269436 
-245890 
-244558 
-228438 
-206597 
-216441 
-245909 
-243483 
-201744 
-163100 
-139893 
-98205 
-33289 
8104 
4679 
-3213 
15495 
35160 
34182 
46096 
101899 
169342 
203266 
216411 
243227 
268350 
255504 
222782 
221239 
252372 
273885 
279975 
305926 
350561 
365150 
334026 
300144 
289198 
272311 
233211 
210073 
230095 
256813 
249128 
225140 
216295 
201573 
146974 
76680 
40637 
34712 
17793 
-9196 
-10364 
7123 
-6525 
-61062 
-111789 
-138840 
-173659 
-226844 
-256456 
-239884 
-217394 
-225605 
-241866 
-238790 
-242952 
-285631 
-337271 
-350286 
-334638 
-329795 
-328613 
-295904 
-245267 
-227082 
-245461 
-255245 
-243076 
-242535 
-258554 
-246568 
-189371 
-130628 
-102167 
-77670 
-34698 
-5036 
-16674 
-35265 
-16494 
24110 
49541 
72958 
128026 
194902 
223629 
215913 
216666 
232801 
229700 
208621 
216214 
264235 
306754 
317591 
326406 
350520 
353987 
313180 
267107 
256486 
261092 
247602 
235272 
255816 
283784 
270908 
224979 
190113 
167081 
121404 
60928 
33756 
46155 
50954 
28148 
10082 
8569 
-15728 
-81497 
-145755 
-172106 
-185029 
-213564 
-232973 
-214478 
-189010 
-202551 
-241743 
-264449 
-276273 
-311035 
-354675 
-358924 
-323537 
-296461 
-291692 
-275455 
-242222 
-234361 
-265579 
-290065 
-276731 
-254057 
-246527 
-224833 
-164190 
-100849 
-77993 
-77298 
-59682 
-37093 
-41989 
-54366 
-26777 
34934 
82914 
109315 
148529 
199645 
218219 
196026 
181086 
198920 
218008 
219257 
236190 
289285 
337892 
342730 
327008 
326365 
323270 
287868 
246282 
244683 
271693 
280869 
270939 
276439 
290310 
267296 
205246 
153884 
133129 
109508 
70039 
51979 
71164 
83393 
54094 
10913 
-14600 
-45047 
-106896 
-168309 
-185296 
-174616 
-180557 
-198108 
-193660 
-180630 
-204453 
-261387 
-301201 
-310150 
-323185 
-347211 
-342426 
-298483 
-262797 
-265096 
-274378 
-264251 
-262246 
-291158 
-314336 
-291167 
-243812 
-213942 
-190864 
-143092 
-90561 
-78284 
-96907 
-96818 
-70760 
-54458 
-48660 
-11960 
60112 
117708 
136411 
149887 
178907 
191786 
170176 
155131 
183380 
228087 
251255 
269188 
310756 
350122 
343936 
307397 
288998 
289933 
275003 
250132 
257882 
297063 
316681 
298388 
278127 
271008 
242313 
179035 
126298 
116632 
119405 
101284 
83949 
93102 
97581 
56677 
-8722 
-52038 
-77949 
-120245 
-166397 
-173639 
-148997 
-143855 
-170441 
-191575 
-198362 
-228008 
-288042 
-330345 
-327463 
-313504 
-316885 
-311522 
-275980 
-246657 
-261262 
-294043 
-301592 
-294623 
-305086 
-314425 
-280962 
-217901 
-176491 
-163104 
-140530 
-106600 
-100449 
-124080 
-127428 
-88748 
-45043 
-19413 
17861 
83276 
135776 
141364 
130205 
141835 
160005 
155566 
152995 
192235 
254317 
289300 
296930 
313885 
335885 
323106 
279640 
257030 
271402 
284086 
278146 
286620 
320979 
336631 
304330 
258460 
234378 
211179 
163639 
122090 
124244 
145965 
139761 
111578 
96901 
85238 
37114 
-37114 
-85238 
-96901 
-111578 
-139761 
-145965 
-124244 
-122090 
-163639 
-211179 
-234378 
-258460 
-304330 
-336631 
-320979 
-286620 
-278146 
-284086 
-271402 
-257030 
-279640 
-323106 
-335885 
-313885 
-296930 
-289300 
-254317 
-192235 
-152995 
-155566 
-160005 
-141835 
-130205 
-141364 
-135776 
-83276 
-17861 
19413 
45043 
88748 
127428 
124080 
100449 
106600 
140530 
163104 
176491 
217901 
280962 
314425 
305086 
294623 
301592 
294043 
261262 
246657 
275980 
311522 
316885 
313504 
327463 
330345 
288042 
228008 
198362 
191575 
170441 
143855 
148997 
173639 
166397 
120245 
77949 
52038 
8722 
-56677 
-97581 
-93102 
-83949 
-101284 
-119405 
-116632 
-126298 
-179035 
-242313 
-271008 
-278127 
-298388 
-316681 
-297063 
-257882 
-250132 
-275003 
-289933 
-288998 
-307397 
-343936 
-350122 
-310756 
-269188 
-251255 
-228087 
-183380 
-155131 
-170176 
-191786 
-178907 
-149887 
-136411 
-117708 
-60112 
11960 
48660 
54458 
70760 
96818 
96907 
78284 
90561 
143092 
190864 
213942 
243812 
291167 
314336 
291158 
262246 
264251 
274378 
265096 
262797 
298483 
342426 
347211 
323185 
310150 
301201 
261387 
204453 
180630 
193660 
198108 
180557 
174616 
185296 
168309 
106896 
45047 
14600 
-10913 
-54094 
-83393 
-71164 
-51979 
-70039 
-109508 
-133129 
-153884 
-205246 
-267296 
-290310 
-276439 
-270939 
-280869 
-271693 
-244683 
-246282 
-287868 
-323270 
-326365 
-327008 
-342730 
-337892 
-289285 
-236190 
-219257 
-218008 
-198920 
-181086 
-196026 
-218219 
-199645 
-148529 
-109315 
-82914 
-34934 
26777 
54366 
41989 
37093 
59682 
77298 
77993 
100849 
164190 
224833 
246527 
254057 
276731 
290065 
265579 
234361 
242222 
275455 
291692 
296461 
323537 
358924 
354675 
311035 
276273 
264449 
241743 
202551 
189010 
214478 
232973 
213564 
185029 
172106 
145755 
81497 
15728 
-8569 
-10082 
-28148 
-50954 
-46155 
-33756 
-60928 
-121404 
-167081 
-190113 
-224979 
-270908 
-283784 
-255816 
-235272 
-247602 
-261092 
-256486 
-267107 
-313180 
-353987 
-350520 
-326406 
-317591 
-306754 
-264235 
-216214 
-208621 
-229700 
-232801 
-216666 
-215913 
-223629 
-194902 
-128026 
-72958 
-49541 
-24110 
16494 
35265 
16674 
5036 
34698 
77670 
102167 
130628 
189371 
246568 
258554 
242535 
243076 
255245 
245461 
227082 
245267 
295904 
328613 
329795 
334638 
350286 
337271 
285631 
242952 
238790 
241866 
225605 
217394 
239884 
256456 
226844 
173659 
138840 
111789 
61062 
6525 
-7123 
10364 
9196 
-17793 
-34712 
-40637 
-76680 
-146974 
-201573 
-216295 
-225140 
-249128 
-256813 
-230095 
-210073 
-233211 
-272311 
-289198 
-300144 
-334026 
-365150 
-350561 
-305926 
-279975 
-273885 
-252372 
-221239 
-222782 
-255504 
-268350 
-243227 
-216411 
-203266 
-169342 
-101899 
-46096 
-34182 
-35160 
-15495 
3213 
-4679 
-8104 
33289 
98205 
139893 
163100 
201744 
243483 
245909 
216441 
206597 
228438 
244558 
245890 
269436 
322520 
357066 
345980 
323792 
319184 
306242 
263674 
227840 
236138 
262459 
263273 
249381 
252864 
255375 
215626 
147232 
101572 
84860 
59672 
23655 
15694 
37544 
39149 
-919 
-45301 
-70689 
-106668 
-169632 
-218633 
-220061 
-204504 
-211690 
-225381 
-216404 
-209104 
-243101 
-299096 
-327101 
-327086 
-335995 
-349808 
-329043 
-278119 
-248631 
-256454 
-262636 
-250086 
-251730 
-278956 
-287314 
-247978 
-195765 
-166233 
-138517 
-87391 
-43050 
-42852 
-62313 
-53870 
-23647 
-7331 
5356 
53577 
126691 
172504 
180968 
191890 
215986 
217983 
192110 
185795 
222831 
265165 
282347 
299622 
337951 
362197 
338417 
296278 
280507 
279542 
260227 
239341 
255276 
291660 
297013 
267576 
243517 
229362 
188686 
121946 
79016 
78518 
80172 
59368 
45226 
54002 
46349 
-7490 
-73149 
-109493 
-133148 
-173990 
-209147 
-201984 
-174567 
-176973 
-206955 
-225135 
-233514 
-269106 
-325403 
-351311 
-334047 
-315688 
-315001 
-300160 
-260533 
-239397 
-262149 
-290773 
-288843 
-277947 
-284343 
-279880 
-230863 
-165088 
-130698 
-119940 
-95387 
-65753 
-67986 
-89691 
-79616 
-31121 
12686 
39106 
81830 
145496 
183717 
176036 
163526 
177450 
192053 
185575 
191159 
239086 
296565 
318533 
318284 
330816 
341285 
314079 
267793 
253357 
271648 
279840 
271895 
282939 
311767 
310131 
263299 
215007 
191218 
163049 
114147 
82314 
94018 
112261 
96033 
63927 
47859 
27296 
-31118 
-102760 
-137905 
-141380 
-154904 
-177915 
-174859 
-153089 
-162040 
-210678 
-253693 
-271104 
-294463 
-334575 
-350054 
-319198 
-282962 
-278029 
-281450 
-265552 
-256545 
-285158 
-321510 
-318362 
-286453 
-265919 
-250081 
-204212 
-142184 
-114059 
-123199 
-123882 
-102635 
-93090 
-100338 
-80357 
-16823 
45976 
76214 
100539 
141733 
168501 
153551 
131681 
146984 
183321 
203197 
219434 
265338 
320935 
336757 
315413 
302510 
305253 
289182 
255580 
250682 
285490 
313605 
308971 
301651 
309389 
296853 
241242 
182091 
159967 
154124 
130823 
108992 
119953 
138117 
115708 
61378 
19879 
-7758 
-55864 
-116616 
-142434 
-127908 
-120771 
-141032 
-156120 
-153960 
-173395 
-232401 
-287623 
-302972 
-303567 
-318993 
-325028 
-293489 
-255616 
-257046 
-283725 
-293059 
-290509 
-309822 
-337073 
-324649 
-273275 
-231538 
-213540 
-185406 
-141436 
-123524 
-144680 
-158749 
-134957 
-102378 
-85995 
-57015 
8751 
74794 
98355 
98505 
114852 
135722 
128889 
114365 
139049 
196268 
237689 
255492 
284266 
323405 
329129 
294089 
266800 
272638 
279691 
268544 
272325 
311021 
343860 
332118 
299845 
283291 
265335 
216496 
162995 
150506 
166887 
165280 
144441 
139070 
142398 
109848 
40138 
-16562 
-40514 
-65598 
-105168 
-122483 
-102330 
-89137 
-117035 
-157696 
-179116 
-203595 
-257322 
-308508 
-313829 
-290953 
-284727 
-290297 
-274106 
-249452 
-261223 
-304946 
-330105 
-323261 
-319852 
-327266 
-306365 
-247565 
-198601 
-188847 
-186732 
-165491 
-152368 
-169869 
-181412 
-147072 
-89898 
-52083 
-23096 
28488 
82898 
95764 
77254 
77342 
103106 
118495 
122418 
155710 
222187 
271836 
280733 
283227 
300602 
301658 
268539 
242391 
259405 
292035 
301933 
305357 
331206 
353939 
331002 
278527 
245469 
232974 
205658 
169193 
165604 
193084 
200524 
170087 
138373 
120995 
83750 
14138 
-42666 
-54723 
-53408 
-72468 
-90393 
-81600 
-77064 
-116793 
-179100 
-217088 
-235596 
-268695 
-304249 
-300220 
-264425 
-248513 
-264379 
-274391 
-269318 
-285969 
-331479 
-357832 
-338305 
-307854 
-295423 
-275256 
-226191 
-184537 
-187371 
-208223 
-203444 
-183924 
-181876 
-179158 
-134864 
-62997 
-15041 
2971 
28698 
64694 
72332 
50112 
48083 
87363 
130248 
153242 
185821 
244302 
287867 
283315 
261664 
262841 
270618 
255795 
242591 
270309 
319335 
339650 
331466 
332006 
337508 
308831 
250713 
214785 
216660 
217094 
198841 
194718 
216033 
218479 
173647 
116773 
83599 
53275 
548 
-44546 
-45015 
-25701 
-34239 
-64336 
-80105 
-91627 
-137770 
-207636 
-249073 
-252362 
-257662 
-275922 
-272084 
-240556 
-228699 
-259966 
-295976 
-306176 
-315845 
-346023 
-361801 
-329682 
-279748 
-256852 
-249327 
-223888 
-197154 
-207234 
-237519 
-236592 
-201033 
-171344 
-152288 
-107671 
-38131 
6550 
8116 
7197 
28543 
43068 
34510 
42039 
95015 
158725 
191981 
211563 
247531 
277254 
264476 
231589 
228680 
253260 
265714 
267886 
296611 
345263 
362918 
337230 
310675 
302226 
280173 
233951 
206700 
223456 
245896 
237574 
220231 
220307 
209907 
155736 
85916 
48585 
35748 
9735 
-20932 
-19542 
1340 
-9411 
-58059 
-101166 
-125889 
-165843 
-225651 
-259145 
-246311 
-228598 
-237371 
-246822 
-235116 
-235210 
-277051 
-327599 
-341877 
-333479 
-337697 
-339953 
-304961 
-251558 
-230594 
-242627 
-244564 
-230256 
-234760 
-256870 
-248579 
-195620 
-142101 
-114088 
-82664 
-31408 
2097 
-8245 
-25158 
-7675 
25371 
41843 
62053 
119067 
188083 
219526 
218606 
227365 
245438 
237445 
210833 
214868 
258133 
295038 
305572 
321375 
353380 
360499 
321488 
277643 
265664 
262444 
240157 
224832 
246931 
276423 
266253 
227554 
200788 
179489 
129134 
63698 
33055 
40169 
39026 
16086 
5009 
10955 
-9839 
-73279 
-134803 
-162624 
-183596 
-220706 
-242923 
-223319 
-196921 
-207715 
-239266 
-253847 
-264139 
-303298 
-351319 
-359004 
-329434 
-308565 
-303744 
-280579 
-240355 
-229092 
-257421 
-278716 
-266998 
-252545 
-253314 
-234273 
-173015 
-109311 
-83619 
-74905 
-49205 
-25269 
-34222 
-50400 
-26268 
29104 
70677 
97324 
143340 
200954 
222879 
204155 
192806 
208849 
219603 
212874 
227272 
280445 
328884 
336689 
329325 
336665 
334751 
295693 
250874 
245747 
265911 
268546 
259054 
271163 
291026 
271362 
213372 
165944 
143203 
111196 
64111 
43589 
62277 
73851 
47689 
13156 
-4531 
-33935 
-98984 
-163082 
-183717 
-180365 
-192917 
-209845 
-199046 
-180539 
-200960 
-253241 
-288840 
-299982 
-321390 
-352637 
-350290 
-307445 
-272855 
-271816 
-272212 
-254468 
-251522 
-283128 
-308469 
-289114 
-249537 
-226284 
-202416 
-148616 
-91121 
-75336 
-88720 
-84199 
-60545 
-52536 
-53541 
-19305 
51047 
107159 
129426 
151966 
188349 
202109 
178356 
161635 
185863 
222384 
238985 
257851 
305063 
348890 
346369 
315639 
301827 
300153 
277078 
245838 
251043 
287869 
305674 
291187 
280104 
280055 
252228 
187398 
133431 
119500 
113727 
89145 
72852 
87207 
95664 
58631 
-415 
-39050 
-67764 
-117988 
-170071 
-179991 
-158341 
-155284 
-177813 
-189721 
-189759 
-218501 
-279468 
-322601 
-324256 
-319149 
-328836 
-322361 
-282110 
-249266 
-259751 
-285666 
-288500 
-284506 
-302616 
-317449 
-286851 
-227413 
-188300 
-170603 
-138824 
-98490 
-91343 
-115267 
-119096 
-85247 
-50640 
-31119 
7293 
76876 
132473 
142473 
138651 
154974 
170025 
158286 
150646 
186781 
244626 
277160 
289342 
315412 
343459 
331823 
288718 
265920 
275154 
278558 
266741 
276327 
314277 
332641 
305077 
266967 
247505 
221082 
166645 
120434 
119194 
136086 
127340 
103935 
98215 
92237 
45458 
-27751 
-75824 
-92939 
-117011 
-150811 
-155982 
-131281 
-126753 
-163213 
-202625 
-221321 
-248692 
-301001 
-337583 
-325659 
-296688 
-290793 
-291753 
-270337 
-250639 
-271647 
-313441 
-325988 
-309751 
-302237 
-299946 
-264065 
-199637 
-158311 
-155421 
-151422 
-128907 
-120581 
-137674 
-136021 
-87621 
-28114 
6597 
37374 
89522 
133183 
131749 
110429 
116934 
144803 
157959 
166297 
208411 
273169 
308482 
304988 
303208 
314333 
303520 
265351 
247116 
271933 
301095 
303958 
305852 
327905 
335443 
295415 
238308 
209083 
195956 
165498 
134153 
139747 
165433 
159859 
119940 
86506 
64539 
18055 
-52156 
-96426 
-96888 
-94533 
-114263 
-127027 
-116564 
-121871 
-171927 
-231693 
-259952 
-273662 
-303087 
-325855 
-306093 
-266518 
-257227 
-275483 
-281440 
-276790 
-298202 
-338949 
-348289 
-314315 
-279906 
-264228 
-235674 
-183729 
-151382 
-163300 
-180852 
-167570 
-145356 
-140821 
-126323 
-68948 
2881 
41052 
53832 
79149 
108686 
105978 
83766 
93050 
139725 
180041 
201031 
236260 
290362 
317405 
297835 
273481 
275811 
278961 
261021 
254765 
289814 
332898 
339135 
322437 
318390 
312686 
270354 
210454 
183746 
190456 
187215 
167764 
167093 
183994 
170704 
113407 
56565 
26327 
-6285 
-57786 
-90825 
-79696 
-61956 
-78534 
-110360 
-125086 
-142820 
-196363 
-260757 
-286601 
-279509 
-281862 
-293494 
-279198 
-246518 
-244548 
-281493 
-311495 
-314528 
-322335 
-345993 
-344714 
-297711 
-246610 
-228118 
-218950 
-191122 
-170474 
-187201 
-211126 
-195381 
-151488 
-120225 
-95322 
-42438 
24377 
55459 
48260 
49095 
71575 
82020 
75204 
94641 
155840 
213982 
237352 
253032 
284231 
300199 
274375 
242015 
246997 
272590 
280845 
284312 
316015 
355931 
355151 
317227 
288464 
276343 
246524 
200282 
183413 
206173 
221711 
204130 
183923 
179258 
155391 
90293 
23944 
-3328 
-12867 
-38883 
-62807 
-53721 
-37364 
-61039 
-115268 
-154743 
-178266 
-220123 
-272620 
-288779 
-264106 
-246919 
-257242 
-262284 
-249735 
-257980 
-304354 
-345213 
-344860 
-329120 
-328159 
-318278 
-271873 
-220455 
-209285 
-223602 
-220362 
-204912 
-210961 
-224745 
-199312 
-136326 
-84958 
-59334 
-25397 
22796 
43877 
25562 
14356 
40727 
75027 
91820 
119459 
181633 
241684 
257377 
248609 
255564 
266865 
250533 
226593 
241422 
287570 
316298 
319897 
333240 
356090 
345368 
294610 
252799 
245138 
239298 
215536 
206599 
232012 
250924 
225195 
179717 
151324 
123237 
66281 
6689 
-10429 
1976 
-3391 
-27748 
-36242 
-35374 
-69090 
-137877 
-191223 
-209678 
-227624 
-258865 
-267222 
-238130 
-216251 
-235289 
-266266 
-276775 
-288897 
-328627 
-364312 
-353360 
-314382 
-292786 
-283856 
-254060 
-216558 
-215686 
-246263 
-257529 
-236388 
-218795 
-212619 
-179358 
-110130 
-52910 
-36644 
-29131 
-3190 
14235 
933 
-6578 
30963 
89670 
126909 
153153 
199869 
247546 
252530 
225846 
217852 
235455 
242296 
236974 
259814 
314063 
349633 
343178 
329795 
331314 
317020 
269532 
230062 
234248 
253842 
250171 
239490 
250769 
258790 
221796 
156820 
113220 
92011 
57557 
15223 
6459 
28832 
31118 
-4016 
-39340 
-58792 
-96146 
-163493 
-215714 
-221554 
-213201 
-224853 
-235188 
-218755 
-206362 
-237356 
-289314 
-315109 
-319838 
-337931 
-357712 
-337902 
-287110 
-257230 
-259803 
-256737 
-238479 
-241469 
-272501 
-283704 
-249114 
-204534 
-179397 
-148219 
-90035 
-40998 
-37500 
-52328 
-41585 
-16337 
-9053 
-1981 
45075 
117399 
163372 
177407 
197699 
227251 
227982 
198912 
190082 
222011 
256337 
269240 
290042 
334976 
363547 
343409 
306466 
293032 
286885 
258756 
232606 
247111 
282052 
287388 
263841 
249205 
240233 
198432 
129125 
83961 
77975 
71305 
46376 
35776 
50658 
46992 
-2823 
-62762 
-96786 
-125794 
-175168 
-215253 
-209837 
-184504 
-187044 
-210831 
-219604 
-223082 
-259603 
-317820 
-345733 
-334350 
-324567 
-327820 
-309476 
-264284 
-239457 
-257770 
-280199 
-276012 
-270601 
-285187 
-285336 
-238434 
-175360 
-141168 
-123929 
-90054 
-55803 
-58708 
-81682 
-73438 
-31220 
3825 
26514 
72646 
141303 
182962 
180162 
174271 
190347 
199379 
185108 
186368 
231767 
285958 
307717 
314207 
335909 
350718 
323152 
276246 
260098 
271722 
271034 
259582 
273877 
307100 
308697 
267207 
225899 
204122 
170351 
114101 
78196 
86918 
101325 
84926 
59779 
52666 
36180 
-22225 
-93851 
-130643 
-141163 
-163614 
-189902 
-183812 
-158261 
-164130 
-206954 
-242684 
-258248 
-287185 
-334160 
-353498 
-326112 
-294214 
-289370 
-285655 
-261079 
-248233 
-276416 
-312139 
-310626 
-286114 
-274488 
-261697 
-213074 
-147885 
-116777 
-119629 
-112790 
-89883 
-85830 
-99422 
-83132 
-23583 
34427 
64694 
96282 
145826 
176223 
162171 
141515 
155145 
183763 
194816 
208225 
256544 
314685 
333444 
318854 
313644 
317850 
296436 
257034 
248563 
278853 
301784 
297329 
297344 
313053 
303974 
249770 
192383 
168503 
154656 
122681 
98222 
111203 
131304 
111839 
64714 
31012 
4636 
-48600 
-114593 
-143915 
-134452 
-132832 
-152741 
-160483 
-150771 
-166878 
-223933 
-276887 
-294115 
-302952 
-326844 
-335332 
-302225 
-263001 
-261429 
-280476 
-281977 
-278359 
-302526 
-334451 
-325518 
-279752 
-243802 
-225264 
-189836 
-138764 
-117609 
-136242 
-147589 
-125832 
-101680 
-93503 
-66836 
0 
