0
5762
8963
8992
7429
6441
6838
7571
7071
5103
3306
3850
7404
12293
15683
15789
13160
9947
7888
6882
5417
2398
-1445
-3943
-3387
-213
3125
4048
1841
-1969
-5157
-6770
-7742
-9638
-12780
-15595
-15872
-12804
-7943
-4114
-3217
-4846
-6905
-7597
-6937
-6422
-7255
-8851
-9113
-6288
-711
5200
8770
9112
7612
6481
6745
7526
7216
5361
3426
3628
6884
11761
15449
15945
13533
10272
8050
6987
5655
2814
-1031
-3796
-3612
-638
2830
4109
2215
-1531
-4875
-6649
-7609
-9348
-12397
-15367
-16014
-13290
-8496
-4418
-3163
-4595
-6720
-7605
-7038
-6423
-7093
-8692
-9220
-6776
-1418
4606
8533
9207
7801
6541
6659
7466
7338
5617
3576
3448
6386
11212
15171
16062
13895
10613
8228
7088
5871
3215
-603
-3608
-3799
-1056
2505
4128
2565
-1086
-4569
-6517
-7488
-9077
-12014
-15108
-16111
-13748
-9060
-4762
-3147
-4352
-6516
-7592
-7138
-6442
-6945
-8520
-9286
-7224
-2116
3983
8250
9274
7994
6620
6583
7393
7437
5868
3751
3310
5915
10652
14850
16137
14243
10968
8424
7189
6067
3599
-165
-3382
-3945
-1463
2153
4102
2886
-638
-4242
-6371
-7376
-8826
-11634
-14820
-16161
-14174
-9629
-5143
-3168
-4122
-6296
-7557
-7235
-6478
-6813
-8337
-9314
-7630
-2800
3334
7923
9310
8186
6720
6519
7308
7513
6111
3950
3215
5473
10085
14490
16168
14572
11334
8640
7291
6243
3964
280
-3120
-4049
-1854
1777
4032
3175
-190
-3893
-6209
-7270
-8595
-11260
-14508
-16166
-14565
-10199
-5559
-3231
-3908
-6063
-7500
-7326
-6531
-6699
-8147
-9305
-7992
-3466
2664
7552
9311
8374
6838
6470
7216
7566
6341
4167
3161
5064
9515
14092
16155
14880
11709
8875
7398
6402
4309
728
-2824
-4110
-2225
1383
3919
3431
253
-3524
-6029
-7169
-8383
-10896
-14174
-16125
-14918
-10765
-6007
-3335
-3714
-5819
-7419
-7408
-6597
-6603
-7955
-9263
-8310
-4109
1977
7138
9276
8555
6974
6436
7118
7596
6558
4400
3147
4690
8947
13659
16095
15162
12090
9130
7512
6545
4632
1176
-2497
-4127
-2572
973
3765
3649
690
-3136
-5830
-7068
-8191
-10544
-13823
-16042
-15230
-11323
-6484
-3481
-3544
-5566
-7315
-7479
-6675
-6527
-7763
-9190
-8584
-4727
1277
6682
9202
8725
7125
6421
7018
7605
6758
4645
3171
4354
8385
13195
15990
15416
12474
9404
7635
6674
4933
1619
-2142
-4101
-2892
553
3570
3829
1115
-2732
-5609
-6966
-8016
-10206
-13459
-15917
-15499
-11868
-6986
-3669
-3400
-5310
-7188
-7536
-6763
-6471
-7575
-9090
-8812
-5315
569
6186
9086
8881
7289
6424
6917
7594
6940
4897
3232
4058
7834
12703
15837
15637
12856
9698
7770
6793
5211
2056
-1763
-4030
-3180
128
3337
3967
1526
-2313
-5367
-6860
-7858
-9883
-13084
-15753
-15724
-12397
-7511
-3900
-3285
-5051
-7040
-7577
-6858
-6436
-7394
-8965
-8997
-5870
-142
5652
8928
9018
7465
6448
6819
7563
7102
5155
3327
3802
7298
12188
15639
15823
13235
10010
7919
6903
5467
2482
-1364
-3917
-3435
-298
3069
4063
1918
-1882
-5103
-6747
-7715
-9579
-12704
-15553
-15904
-12903
-8053
-4172
-3204
-4796
-6870
-7601
-6957
-6421
-7222
-8821
-9138
-6389
-853
5084
8726
9133
7650
6491
6727
7515
7242
5413
3454
3589
6782
11652
15396
15972
13606
10339
8084
7007
5700
2896
-947
-3762
-3653
-722
2767
4117
2287
-1442
-4815
-6624
-7584
-9292
-12320
-15318
-16037
-13384
-8608
-4484
-3157
-4546
-6680
-7604
-7058
-6425
-7062
-8659
-9236
-6869
-1558
4483
8480
9223
7840
6555
6642
7452
7359
5668
3609
3417
6290
11101
15110
16081
13966
10683
8266
7108
5912
3293
-516
-3566
-3832
-1139
2436
4126
2631
-997
-4506
-6489
-7465
-9025
-11937
-15052
-16125
-13836
-9173
-4835
-3148
-4305
-6473
-7587
-7158
-6448
-6917
-8484
-9295
-7309
-2254
3855
8189
9284
8032
6639
6569
7377
7454
5917
3789
3288
5824
10539
14781
16147
14310
11041
8466
7209
6103
3674
-76
-3333
-3970
-1542
2079
4091
2946
-548
-4174
-6340
-7354
-8778
-11558
-14760
-16166
-14255
-9743
-5223
-3178
-4078
-6251
-7548
-7254
-6487
-6789
-8299
-9315
-7706
-2935
3202
7853
9313
8224
6742
6508
7291
7525
6158
3992
3201
5388
9971
14413
16169
14635
11409
8685
7312
6276
4035
369
-3064
-4065
-1930
1700
4013
3229
-101
-3821
-6175
-7250
-8551
-11187
-14443
-16161
-14639
-10313
-5646
-3248
-3868
-6015
-7485
-7343
-6543
-6678
-8109
-9299
-8060
-3596
2528
7473
9307
8411
6864
6462
7197
7574
6386
4212
3155
4986
9401
14008
16146
14938
11785
8924
7420
6431
4376
818
-2761
-4117
-2296
1302
3892
3477
341
-3448
-5991
-7148
-8343
-10825
-14105
-16112
-14983
-10878
-6100
-3360
-3678
-5769
-7400
-7423
-6612
-6586
-7917
-9251
-8369
-4235
1838
7050
9264
8590
7003
6432
7098
7600
6600
4448
3149
4620
8834
13569
16078
15215
12167
9183
7535
6572
4694
1265
-2428
-4126
-2638
890
3729
3688
776
-3057
-5787
-7048
-8154
-10475
-13751
-16020
-15287
-11433
-6582
-3515
-3513
-5515
-7292
-7492
-6692
-6514
-7725
-9172
-8633
-4847
1136
6585
9182
8758
7157
6420
6997
7605
6796
4695
3181
4292
8274
13099
15963
15463
12550
9462
7661
6699
4990
1707
-2068
-4090
-2952
469
3527
3860
1199
-2649
-5563
-6945
-7983
-10140
-13385
-15888
-15548
-11976
-7089
-3712
-3374
-5258
-7160
-7546
-6781
-6463
-7538
-9067
-8853
-5429
427
6082
9058
8910
7324
6428
6897
7589
6974
4949
3249
4003
7726
12602
15801
15677
12933
9759
7799
6816
5264
2142
-1685
-4011
-3234
42
3287
3990
1606
-2228
-5316
-6838
-7828
-9821
-13009
-15716
-15764
-12500
-7618
-3951
-3266
-5000
-7007
-7584
-6877
-6431
-7358
-8938
-9028
-5976
-284
5541
8891
9043
7501
6455
6800
7555
7131
5206
3350
3756
7194
12082
15594
15856
13310
10075
7951
6924
5515
2566
-1281
-3889
-3482
-384
3011
4078
1994
-1795
-5047
-6723
-7688
-9520
-12627
-15508
-15934
-13002
-8163
-4231
-3191
-4745
-6833
-7603
-6977
-6420
-7189
-8789
-9161
-6488
-995
4966
8681
9153
7687
6502
6709
7504
7267
5464
3483
3551
6682
11543
15343
15997
13679
10407
8119
7028
5744
2976
-861
-3726
-3692
-806
2704
4122
2358
-1354
-4755
-6598
-7560
-9237
-12243
-15267
-16059
-13477
-8721
-4551
-3152
-4497
-6640
-7603
-7078
-6428
-7032
-8625
-9251
-6960
-1699
4360
8425
9237
7878
6570
6627
7438
7380
5719
3643
3388
6194
10990
15047
16097
14036
10754
8304
7128
5952
3371
-429
-3523
-3863
-1220
2367
4122
2697
-907
-4441
-6461
-7442
-8974
-11861
-14996
-16136
-13923
-9287
-4910
-3151
-4259
-6430
-7581
-7177
-6454
-6890
-8448
-9302
-7391
-2391
3726
8125
9292
8071
6658
6555
7360
7470
5966
3828
3267
5734
10426
14711
16155
14377
11114
8508
7229
6139
3748
12
-3282
-3992
-1621
2005
4079
3006
-459
-4105
-6308
-7333
-8731
-11483
-14698
-16168
-14335
-9857
-5305
-3189
-4034
-6204
-7537
-7272
-6497
-6765
-8262
-9315
-7780
-3069
3069
7780
9315
8262
6765
6497
7272
7537
6204
4034
3189
5305
9857
14335
16168
14698
11483
8731
7333
6308
4105
459
-3006
-4079
-2005
1621
3992
3282
-12
-3748
-6139
-7229
-8508
-11114
-14377
-16155
-14711
-10426
-5734
-3267
-3828
-5966
-7470
-7360
-6555
-6658
-8071
-9292
-8125
-3726
2391
7391
9302
8448
6890
6454
7177
7581
6430
4259
3151
4910
9287
13923
16136
14996
11861
8974
7442
6461
4441
907
-2697
-4122
-2367
1220
3863
3523
429
-3371
-5952
-7128
-8304
-10754
-14036
-16097
-15047
-10990
-6194
-3388
-3643
-5719
-7380
-7438
-6627
-6570
-7878
-9237
-8425
-4360
1699
6960
9251
8625
7032
6428
7078
7603
6640
4497
3152
4551
8721
13477
16059
15267
12243
9237
7560
6598
4755
1354
-2358
-4122
-2704
806
3692
3726
861
-2976
-5744
-7028
-8119
-10407
-13679
-15997
-15343
-11543
-6682
-3551
-3483
-5464
-7267
-7504
-6709
-6502
-7687
-9153
-8681
-4966
995
6488
9161
8789
7189
6420
6977
7603
6833
4745
3191
4231
8163
13002
15934
15508
12627
9520
7688
6723
5047
1795
-1994
-4078
-3011
384
3482
3889
1281
-2566
-5515
-6924
-7951
-10075
-13310
-15856
-15594
-12082
-7194
-3756
-3350
-5206
-7131
-7555
-6800
-6455
-7501
-9043
-8891
-5541
284
5976
9028
8938
7358
6431
6877
7584
7007
5000
3266
3951
7618
12500
15764
15716
13009
9821
7828
6838
5316
2228
-1606
-3990
-3287
-42
3234
4011
1685
-2142
-5264
-6816
-7799
-9759
-12933
-15677
-15801
-12602
-7726
-4003
-3249
-4949
-6974
-7589
-6897
-6428
-7324
-8910
-9058
-6082
-427
5429
8853
9067
7538
6463
6781
7546
7160
5258
3374
3712
7089
11976
15548
15888
13385
10140
7983
6945
5563
2649
-1199
-3860
-3527
-469
2952
4090
2068
-1707
-4990
-6699
-7661
-9462
-12550
-15463
-15963
-13099
-8274
-4292
-3181
-4695
-6796
-7605
-6997
-6420
-7157
-8758
-9182
-6585
-1136
4847
8633
9172
7725
6514
6692
7492
7292
5515
3513
3515
6582
11433
15287
16020
13751
10475
8154
7048
5787
3057
-776
-3688
-3729
-890
2638
4126
2428
-1265
-4694
-6572
-7535
-9183
-12167
-15215
-16078
-13569
-8834
-4620
-3149
-4448
-6600
-7600
-7098
-6432
-7003
-8590
-9264
-7050
-1838
4235
8369
9251
7917
6586
6612
7423
7400
5769
3678
3360
6100
10878
14983
16112
14105
10825
8343
7148
5991
3448
-341
-3477
-3892
-1302
2296
4117
2761
-818
-4376
-6431
-7420
-8924
-11785
-14938
-16146
-14008
-9401
-4986
-3155
-4212
-6386
-7574
-7197
-6462
-6864
-8411
-9307
-7473
-2528
3596
8060
9299
8109
6678
6543
7343
7485
6015
3868
3248
5646
10313
14639
16161
14443
11187
8551
7250
6175
3821
101
-3229
-4013
-1700
1930
4065
3064
-369
-4035
-6276
-7312
-8685
-11409
-14635
-16169
-14413
-9971
-5388
-3201
-3992
-6158
-7525
-7291
-6508
-6742
-8224
-9313
-7853
-3202
2935
7706
9315
8299
6789
6487
7254
7548
6251
4078
3178
5223
9743
14255
16166
14760
11558
8778
7354
6340
4174
548
-2946
-4091
-2079
1542
3970
3333
76
-3674
-6103
-7209
-8466
-11041
-14310
-16147
-14781
-10539
-5824
-3288
-3789
-5917
-7454
-7377
-6569
-6639
-8032
-9284
-8189
-3855
2254
7309
9295
8484
6917
6448
7158
7587
6473
4305
3148
4835
9173
13836
16125
15052
11937
9025
7465
6489
4506
997
-2631
-4126
-2436
1139
3832
3566
516
-3293
-5912
-7108
-8266
-10683
-13966
-16081
-15110
-11101
-6290
-3417
-3609
-5668
-7359
-7452
-6642
-6555
-7840
-9223
-8480
-4483
1558
6869
9236
8659
7062
6425
7058
7604
6680
4546
3157
4484
8608
13384
16037
15318
12320
9292
7584
6624
4815
1442
-2287
-4117
-2767
722
3653
3762
947
-2896
-5700
-7007
-8084
-10339
-13606
-15972
-15396
-11652
-6782
-3589
-3454
-5413
-7242
-7515
-6727
-6491
-7650
-9133
-8726
-5084
853
6389
9138
8821
7222
6421
6957
7601
6870
4796
3204
4172
8053
12903
15904
15553
12704
9579
7715
6747
5103
1882
-1918
-4063
-3069
298
3435
3917
1364
-2482
-5467
-6903
-7919
-10010
-13235
-15823
-15639
-12188
-7298
-3802
-3327
-5155
-7102
-7563
-6819
-6448
-7465
-9018
-8928
-5652
142
5870
8997
8965
7394
6436
6858
7577
7040
5051
3285
3900
7511
12397
15724
15753
13084
9883
7858
6860
5367
2313
-1526
-3967
-3337
-128
3180
4030
1763
-2056
-5211
-6793
-7770
-9698
-12856
-15637
-15837
-12703
-7834
-4058
-3232
-4897
-6940
-7594
-6917
-6424
-7289
-8881
-9086
-6186
-569
5315
8812
9090
7575
6471
6763
7536
7188
5310
3400
3669
6986
11868
15499
15917
13459
10206
8016
6966
5609
2732
-1115
-3829
-3570
-553
2892
4101
2142
-1619
-4933
-6674
-7635
-9404
-12474
-15416
-15990
-13195
-8385
-4354
-3171
-4645
-6758
-7605
-7018
-6421
-7125
-8725
-9202
-6682
-1277
4727
8584
9190
7763
6527
6675
7479
7315
5566
3544
3481
6484
11323
15230
16042
13823
10544
8191
7068
5830
3136
-690
-3649
-3765
-973
2572
4127
2497
-1176
-4632
-6545
-7512
-9130
-12090
-15162
-16095
-13659
-8947
-4690
-3147
-4400
-6558
-7596
-7118
-6436
-6974
-8555
-9276
-7138
-1977
4109
8310
9263
7955
6603
6597
7408
7419
5819
3714
3335
6007
10765
14918
16125
14174
10896
8383
7169
6029
3524
-253
-3431
-3919
-1383
2225
4110
2824
-728
-4309
-6402
-7398
-8875
-11709
-14880
-16155
-14092
-9515
-5064
-3161
-4167
-6341
-7566
-7216
-6470
-6838
-8374
-9311
-7552
-2664
3466
7992
9305
8147
6699
6531
7326
7500
6063
3908
3231
5559
10199
14565
16166
14508
11260
8595
7270
6209
3893
190
-3175
-4032
-1777
1854
4049
3120
-280
-3964
-6243
-7291
-8640
-11334
-14572
-16168
-14490
-10085
-5473
-3215
-3950
-6111
-7513
-7308
-6519
-6720
-8186
-9310
-7923
-3334
2800
7630
9314
8337
6813
6478
7235
7557
6296
4122
3168
5143
9629
14174
16161
14820
11634
8826
7376
6371
4242
638
-2886
-4102
-2153
1463
3945
3382
165
-3599
-6067
-7189
-8424
-10968
-14243
-16137
-14850
-10652
-5915
-3310
-3751
-5868
-7437
-7393
-6583
-6620
-7994
-9274
-8250
-3983
2116
7224
9286
8520
6945
6442
7138
7592
6516
4352
3147
4762
9060
13748
16111
15108
12014
9077
7488
6517
4569
1086
-2565
-4128
-2505
1056
3799
3608
603
-3215
-5871
-7088
-8228
-10613
-13895
-16062
-15171
-11212
-6386
-3448
-3576
-5617
-7338
-7466
-6659
-6541
-7801
-9207
-8533
-4606
1418
6776
9220
8692
7093
6423
7038
7605
6720
4595
3163
4418
8496
13290
16014
15367
12397
9348
7609
6649
4875
1531
-2215
-4109
-2830
638
3612
3796
1031
-2814
-5655
-6987
-8050
-10272
-13533
-15945
-15449
-11761
-6884
-3628
-3426
-5361
-7216
-7526
-6745
-6481
-7612
-9112
-8770
-5200
711
6288
9113
8851
7255
6422
6937
7597
6905
4846
3217
4114
7943
12804
15872
15595
12780
9638
7742
6770
5157
1969
-1841
-4048
-3125
213
3387
3943
1445
-2398
-5417
-6882
-7888
-9947
-13160
-15789
-15683
-12293
-7404
-3850
-3306
-5103
-7071
-7571
-6838
-6441
-7429
-8992
-8963
-5762
0
5762
8963
8992
7429
6441
6838
7571
7071
5103
3306
3850
7404
12293
15683
15789
13160
9947
7888
6882
5417
2398
-1445
-3943
-3387
-213
3125
4048
1841
-1969
-5157
-6770
-7742
-9638
-12780
-15595
-15872
-12804
-7943
-4114
-3217
-4846
-6905
-7597
-6937
-6422
-7255
-8851
-9113
-6288
-711
5200
8770
9112
7612
6481
6745
7526
7216
5361
3426
3628
6884
11761
15449
15945
13533
10272
8050
6987
5655
2814
-1031
-3796
-3612
-638
2830
4109
2215
-1531
-4875
-6649
-7609
-9348
-12397
-15367
-16014
-13290
-8496
-4418
-3163
-4595
-6720
-7605
-7038
-6423
-7093
-8692
-9220
-6776
-1418
4606
8533
9207
7801
6541
6659
7466
7338
5617
3576
3448
6386
11212
15171
16062
13895
10613
8228
7088
5871
3215
-603
-3608
-3799
-1056
2505
4128
2565
-1086
-4569
-6517
-7488
-9077
-12014
-15108
-16111
-13748
-9060
-4762
-3147
-4352
-6516
-7592
-7138
-6442
-6945
-8520
-9286
-7224
-2116
3983
8250
9274
7994
6620
6583
7393
7437
5868
3751
3310
5915
10652
14850
16137
14243
10968
8424
7189
6067
3599
-165
-3382
-3945
-1463
2153
4102
2886
-638
-4242
-6371
-7376
-8826
-11634
-14820
-16161
-14174
-9629
-5143
-3168
-4122
-6296
-7557
-7235
-6478
-6813
-8337
-9314
-7630
-2800
3334
7923
9310
8186
6720
6519
7308
7513
6111
3950
3215
5473
10085
14490
16168
14572
11334
8640
7291
6243
3964
280
-3120
-4049
-1854
1777
4032
3175
-190
-3893
-6209
-7270
-8595
-11260
-14508
-16166
-14565
-10199
-5559
-3231
-3908
-6063
-7500
-7326
-6531
-6699
-8147
-9305
-7992
-3466
2664
7552
9311
8374
6838
6470
7216
7566
6341
4167
3161
5064
9515
14092
16155
14880
11709
8875
7398
6402
4309
728
-2824
-4110
-2225
1383
3919
3431
253
-3524
-6029
-7169
-8383
-10896
-14174
-16125
-14918
-10765
-6007
-3335
-3714
-5819
-7419
-7408
-6597
-6603
-7955
-9263
-8310
-4109
1977
7138
9276
8555
6974
6436
7118
7596
6558
4400
3147
4690
8947
13659
16095
15162
12090
9130
7512
6545
4632
1176
-2497
-4127
-2572
973
3765
3649
690
-3136
-5830
-7068
-8191
-10544
-13823
-16042
-15230
-11323
-6484
-3481
-3544
-5566
-7315
-7479
-6675
-6527
-7763
-9190
-8584
-4727
1277
6682
9202
8725
7125
6421
7018
7605
6758
4645
3171
4354
8385
13195
15990
15416
12474
9404
7635
6674
4933
1619
-2142
-4101
-2892
553
3570
3829
1115
-2732
-5609
-6966
-8016
-10206
-13459
-15917
-15499
-11868
-6986
-3669
-3400
-5310
-7188
-7536
-6763
-6471
-7575
-9090
-8812
-5315
569
6186
9086
8881
7289
6424
6917
7594
6940
4897
3232
4058
7834
12703
15837
15637
12856
9698
7770
6793
5211
2056
-1763
-4030
-3180
128
3337
3967
1526
-2313
-5367
-6860
-7858
-9883
-13084
-15753
-15724
-12397
-7511
-3900
-3285
-5051
-7040
-7577
-6858
-6436
-7394
-8965
-8997
-5870
-142
5652
8928
9018
7465
6448
6819
7563
7102
5155
3327
3802
7298
12188
15639
15823
13235
10010
7919
6903
5467
2482
-1364
-3917
-3435
-298
3069
4063
1918
-1882
-5103
-6747
-7715
-9579
-12704
-15553
-15904
-12903
-8053
-4172
-3204
-4796
-6870
-7601
-6957
-6421
-7222
-8821
-9138
-6389
-853
5084
8726
9133
7650
6491
6727
7515
7242
5413
3454
3589
6782
11652
15396
15972
13606
10339
8084
7007
5700
2896
-947
-3762
-3653
-722
2767
4117
2287
-1442
-4815
-6624
-7584
-9292
-12320
-15318
-16037
-13384
-8608
-4484
-3157
-4546
-6680
-7604
-7058
-6425
-7062
-8659
-9236
-6869
-1558
4483
8480
9223
7840
6555
6642
7452
7359
5668
3609
3417
6290
11101
15110
16081
13966
10683
8266
7108
5912
3293
-516
-3566
-3832
-1139
2436
4126
2631
-997
-4506
-6489
-7465
-9025
-11937
-15052
-16125
-13836
-9173
-4835
-3148
-4305
-6473
-7587
-7158
-6448
-6917
-8484
-9295
-7309
-2254
3855
8189
9284
8032
6639
6569
7377
7454
5917
3789
3288
5824
10539
14781
16147
14310
11041
8466
7209
6103
3674
-76
-3333
-3970
-1542
2079
4091
2946
-548
-4174
-6340
-7354
-8778
-11558
-14760
-16166
-14255
-9743
-5223
-3178
-4078
-6251
-7548
-7254
-6487
-6789
-8299
-9315
-7706
-2935
3202
7853
9313
8224
6742
6508
7291
7525
6158
3992
3201
5388
9971
14413
16169
14635
11409
8685
7312
6276
4035
369
-3064
-4065
-1930
1700
4013
3229
-101
-3821
-6175
-7250
-8551
-11187
-14443
-16161
-14639
-10313
-5646
-3248
-3868
-6015
-7485
-7343
-6543
-6678
-8109
-9299
-8060
-3596
2528
7473
9307
8411
6864
6462
7197
7574
6386
4212
3155
4986
9401
14008
16146
14938
11785
8924
7420
6431
4376
818
-2761
-4117
-2296
1302
3892
3477
341
-3448
-5991
-7148
-8343
-10825
-14105
-16112
-14983
-10878
-6100
-3360
-3678
-5769
-7400
-7423
-6612
-6586
-7917
-9251
-8369
-4235
1838
7050
9264
8590
7003
6432
7098
7600
6600
4448
3149
4620
8834
13569
16078
15215
12167
9183
7535
6572
4694
1265
-2428
-4126
-2638
890
3729
3688
776
-3057
-5787
-7048
-8154
-10475
-13751
-16020
-15287
-11433
-6582
-3515
-3513
-5515
-7292
-7492
-6692
-6514
-7725
-9172
-8633
-4847
1136
6585
9182
8758
7157
6420
6997
7605
6796
4695
3181
4292
8274
13099
15963
15463
12550
9462
7661
6699
4990
1707
-2068
-4090
-2952
469
3527
3860
1199
-2649
-5563
-6945
-7983
-10140
-13385
-15888
-15548
-11976
-7089
-3712
-3374
-5258
-7160
-7546
-6781
-6463
-7538
-9067
-8853
-5429
427
6082
9058
8910
7324
6428
6897
7589
6974
4949
3249
4003
7726
12602
15801
15677
12933
9759
7799
6816
5264
2142
-1685
-4011
-3234
42
3287
3990
1606
-2228
-5316
-6838
-7828
-9821
-13009
-15716
-15764
-12500
-7618
-3951
-3266
-5000
-7007
-7584
-6877
-6431
-7358
-8938
-9028
-5976
-284
5541
8891
9043
7501
6455
6800
7555
7131
5206
3350
3756
7194
12082
15594
15856
13310
10075
7951
6924
5515
2566
-1281
-3889
-3482
-384
3011
4078
1994
-1795
-5047
-6723
-7688
-9520
-12627
-15508
-15934
-13002
-8163
-4231
-3191
-4745
-6833
-7603
-6977
-6420
-7189
-8789
-9161
-6488
-995
4966
8681
9153
7687
6502
6709
7504
7267
5464
3483
3551
6682
11543
15343
15997
13679
10407
8119
7028
5744
2976
-861
-3726
-3692
-806
2704
4122
2358
-1354
-4755
-6598
-7560
-9237
-12243
-15267
-16059
-13477
-8721
-4551
-3152
-4497
-6640
-7603
-7078
-6428
-7032
-8625
-9251
-6960
-1699
4360
8425
9237
7878
6570
6627
7438
7380
5719
3643
3388
6194
10990
15047
16097
14036
10754
8304
7128
5952
3371
-429
-3523
-3863
-1220
2367
4122
2697
-907
-4441
-6461
-7442
-8974
-11861
-14996
-16136
-13923
-9287
-4910
-3151
-4259
-6430
-7581
-7177
-6454
-6890
-8448
-9302
-7391
-2391
3726
8125
9292
8071
6658
6555
7360
7470
5966
3828
3267
5734
10426
14711
16155
14377
11114
8508
7229
6139
3748
12
-3282
-3992
-1621
2005
4079
3006
-459
-4105
-6308
-7333
-8731
-11483
-14698
-16168
-14335
-9857
-5305
-3189
-4034
-6204
-7537
-7272
-6497
-6765
-8262
-9315
-7780
-3069
3069
7780
9315
8262
6765
6497
7272
7537
6204
4034
3189
5305
9857
14335
16168
14698
11483
8731
7333
6308
4105
459
-3006
-4079
-2005
1621
3992
3282
-12
-3748
-6139
-7229
-8508
-11114
-14377
-16155
-14711
-10426
-5734
-3267
-3828
-5966
-7470
-7360
-6555
-6658
-8071
-9292
-8125
-3726
2391
7391
9302
8448
6890
6454
7177
7581
6430
4259
3151
4910
9287
13923
16136
14996
11861
8974
7442
6461
4441
907
-2697
-4122
-2367
1220
3863
3523
429
-3371
-5952
-7128
-8304
-10754
-14036
-16097
-15047
-10990
-6194
-3388
-3643
-5719
-7380
-7438
-6627
-6570
-7878
-9237
-8425
-4360
1699
6960
9251
8625
7032
6428
7078
7603
6640
4497
3152
4551
8721
13477
16059
15267
12243
9237
7560
6598
4755
1354
-2358
-4122
-2704
806
3692
3726
861
-2976
-5744
-7028
-8119
-10407
-13679
-15997
-15343
-11543
-6682
-3551
-3483
-5464
-7267
-7504
-6709
-6502
-7687
-9153
-8681
-4966
995
6488
9161
8789
7189
6420
6977
7603
6833
4745
3191
4231
8163
13002
15934
15508
12627
9520
7688
6723
5047
1795
-1994
-4078
-3011
384
3482
3889
1281
-2566
-5515
-6924
-7951
-10075
-13310
-15856
-15594
-12082
-7194
-3756
-3350
-5206
-7131
-7555
-6800
-6455
-7501
-9043
-8891
-5541
284
5976
9028
8938
7358
6431
6877
7584
7007
5000
3266
3951
7618
12500
15764
15716
13009
9821
7828
6838
5316
2228
-1606
-3990
-3287
-42
3234
4011
1685
-2142
-5264
-6816
-7799
-9759
-12933
-15677
-15801
-12602
-7726
-4003
-3249
-4949
-6974
-7589
-6897
-6428
-7324
-8910
-9058
-6082
-427
5429
8853
9067
7538
6463
6781
7546
7160
5258
3374
3712
7089
11976
15548
15888
13385
10140
7983
6945
5563
2649
-1199
-3860
-3527
-469
2952
4090
2068
-1707
-4990
-6699
-7661
-9462
-12550
-15463
-15963
-13099
-8274
-4292
-3181
-4695
-6796
-7605
-6997
-6420
-7157
-8758
-9182
-6585
-1136
4847
8633
9172
7725
6514
6692
7492
7292
5515
3513
3515
6582
11433
15287
16020
13751
10475
8154
7048
5787
3057
-776
-3688
-3729
-890
2638
4126
2428
-1265
-4694
-6572
-7535
-9183
-12167
-15215
-16078
-13569
-8834
-4620
-3149
-4448
-6600
-7600
-7098
-6432
-7003
-8590
-9264
-7050
-1838
4235
8369
9251
7917
6586
6612
7423
7400
5769
3678
3360
6100
10878
14983
16112
14105
10825
8343
7148
5991
3448
-341
-3477
-3892
-1302
2296
4117
2761
-818
-4376
-6431
-7420
-8924
-11785
-14938
-16146
-14008
-9401
-4986
-3155
-4212
-6386
-7574
-7197
-6462
-6864
-8411
-9307
-7473
-2528
3596
8060
9299
8109
6678
6543
7343
7485
6015
3868
3248
5646
10313
14639
16161
14443
11187
8551
7250
6175
3821
101
-3229
-4013
-1700
1930
4065
3064
-369
-4035
-6276
-7312
-8685
-11409
-14635
-16169
-14413
-9971
-5388
-3201
-3992
-6158
-7525
-7291
-6508
-6742
-8224
-9313
-7853
-3202
2935
7706
9315
8299
6789
6487
7254
7548
6251
4078
3178
5223
9743
14255
16166
14760
11558
8778
7354
6340
4174
548
-2946
-4091
-2079
1542
3970
3333
76
-3674
-6103
-7209
-8466
-11041
-14310
-16147
-14781
-10539
-5824
-3288
-3789
-5917
-7454
-7377
-6569
-6639
-8032
-9284
-8189
-3855
2254
7309
9295
8484
6917
6448
7158
7587
6473
4305
3148
4835
9173
13836
16125
15052
11937
9025
7465
6489
4506
997
-2631
-4126
-2436
1139
3832
3566
516
-3293
-5912
-7108
-8266
-10683
-13966
-16081
-15110
-11101
-6290
-3417
-3609
-5668
-7359
-7452
-6642
-6555
-7840
-9223
-8480
-4483
1558
6869
9236
8659
7062
6425
7058
7604
6680
4546
3157
4484
8608
13384
16037
15318
12320
9292
7584
6624
4815
1442
-2287
-4117
-2767
722
3653
3762
947
-2896
-5700
-7007
-8084
-10339
-13606
-15972
-15396
-11652
-6782
-3589
-3454
-5413
-7242
-7515
-6727
-6491
-7650
-9133
-8726
-5084
853
6389
9138
8821
7222
6421
6957
7601
6870
4796
3204
4172
8053
12903
15904
15553
12704
9579
7715
6747
5103
1882
-1918
-4063
-3069
298
3435
3917
1364
-2482
-5467
-6903
-7919
-10010
-13235
-15823
-15639
-12188
-7298
-3802
-3327
-5155
-7102
-7563
-6819
-6448
-7465
-9018
-8928
-5652
142
5870
8997
8965
7394
6436
6858
7577
7040
5051
3285
3900
7511
12397
15724
15753
13084
9883
7858
6860
5367
2313
-1526
-3967
-3337
-128
3180
4030
1763
-2056
-5211
-6793
-7770
-9698
-12856
-15637
-15837
-12703
-7834
-4058
-3232
-4897
-6940
-7594
-6917
-6424
-7289
-8881
-9086
-6186
-569
5315
8812
9090
7575
6471
6763
7536
7188
5310
3400
3669
6986
11868
15499
15917
13459
10206
8016
6966
5609
2732
-1115
-3829
-3570
-553
2892
4101
2142
-1619
-4933
-6674
-7635
-9404
-12474
-15416
-15990
-13195
-8385
-4354
-3171
-4645
-6758
-7605
-7018
-6421
-7125
-8725
-9202
-6682
-1277
4727
8584
9190
7763
6527
6675
7479
7315
5566
3544
3481
6484
11323
15230
16042
13823
10544
8191
7068
5830
3136
-690
-3649
-3765
-973
2572
4127
2497
-1176
-4632
-6545
-7512
-9130
-12090
-15162
-16095
-13659
-8947
-4690
-3147
-4400
-6558
-7596
-7118
-6436
-6974
-8555
-9276
-7138
-1977
4109
8310
9263
7955
6603
6597
7408
7419
5819
3714
3335
6007
10765
14918
16125
14174
10896
8383
7169
6029
3524
-253
-3431
-3919
-1383
2225
4110
2824
-728
-4309
-6402
-7398
-8875
-11709
-14880
-16155
-14092
-9515
-5064
-3161
-4167
-6341
-7566
-7216
-6470
-6838
-8374
-9311
-7552
-2664
3466
7992
9305
8147
6699
6531
7326
7500
6063
3908
3231
5559
10199
14565
16166
14508
11260
8595
7270
6209
3893
190
-3175
-4032
-1777
1854
4049
3120
-280
-3964
-6243
-7291
-8640
-11334
-14572
-16168
-14490
-10085
-5473
-3215
-3950
-6111
-7513
-7308
-6519
-6720
-8186
-9310
-7923
-3334
2800
7630
9314
8337
6813
6478
7235
7557
6296
4122
3168
5143
9629
14174
16161
14820
11634
8826
7376
6371
4242
638
-2886
-4102
-2153
1463
3945
3382
165
-3599
-6067
-7189
-8424
-10968
-14243
-16137
-14850
-10652
-5915
-3310
-3751
-5868
-7437
-7393
-6583
-6620
-7994
-9274
-8250
-3983
2116
7224
9286
8520
6945
6442
7138
7592
6516
4352
3147
4762
9060
13748
16111
15108
12014
9077
7488
6517
4569
1086
-2565
-4128
-2505
1056
3799
3608
603
-3215
-5871
-7088
-8228
-10613
-13895
-16062
-15171
-11212
-6386
-3448
-3576
-5617
-7338
-7466
-6659
-6541
-7801
-9207
-8533
-4606
1418
6776
9220
8692
7093
6423
7038
7605
6720
4595
3163
4418
8496
13290
16014
15367
12397
9348
7609
6649
4875
1531
-2215
-4109
-2830
638
3612
3796
1031
-2814
-5655
-6987
-8050
-10272
-13533
-15945
-15449
-11761
-6884
-3628
-3426
-5361
-7216
-7526
-6745
-6481
-7612
-9112
-8770
-5200
711
6288
9113
8851
7255
6422
6937
7597
6905
4846
3217
4114
7943
12804
15872
15595
12780
9638
7742
6770
5157
1969
-1841
-4048
-3125
213
3387
3943
1445
-2398
-5417
-6882
-7888
-9947
-13160
-15789
-15683
-12293
-7404
-3850
-3306
-5103
-7071
-7571
-6838
-6441
-7429
-8992
-8963
-5762
0
5762
8963
8992
7429
6441
6838
7571
7071
5103
3306
3850
7404
12293
15683
15789
13160
9947
7888
6882
5417
2398
-1445
-3943
-3387
-213
3125
4048
1841
-1969
-5157
-6770
-7742
-9638
-12780
-15595
-15872
-12804
-7943
-4114
-3217
-4846
-6905
-7597
-6937
-6422
-7255
-8851
-9113
-6288
-711
5200
8770
9112
7612
6481
6745
7526
7216
5361
3426
3628
6884
11761
15449
15945
13533
10272
8050
6987
5655
2814
-1031
-3796
-3612
-638
2830
4109
2215
-1531
-4875
-6649
-7609
-9348
-12397
-15367
-16014
-13290
-8496
-4418
-3163
-4595
-6720
-7605
-7038
-6423
-7093
-8692
-9220
-6776
-1418
4606
8533
9207
7801
6541
6659
7466
7338
5617
3576
3448
6386
11212
15171
16062
13895
10613
8228
7088
5871
3215
-603
-3608
-3799
-1056
2505
4128
2565
-1086
-4569
-6517
-7488
-9077
-12014
-15108
-16111
-13748
-9060
-4762
-3147
-4352
-6516
-7592
-7138
-6442
-6945
-8520
-9286
-7224
-2116
3983
8250
9274
7994
6620
6583
7393
7437
5868
3751
3310
5915
10652
14850
16137
14243
10968
8424
7189
6067
3599
-165
-3382
-3945
-1463
2153
4102
2886
-638
-4242
-6371
-7376
-8826
-11634
-14820
-16161
-14174
-9629
-5143
-3168
-4122
-6296
-7557
-7235
-6478
-6813
-8337
-9314
-7630
-2800
3334
7923
9310
8186
6720
6519
7308
7513
6111
3950
3215
5473
10085
14490
16168
14572
11334
8640
7291
6243
3964
280
-3120
-4049
-1854
1777
4032
3175
-190
-3893
-6209
-7270
-8595
-11260
-14508
-16166
-14565
-10199
-5559
-3231
-3908
-6063
-7500
-7326
-6531
-6699
-8147
-9305
-7992
-3466
2664
7552
9311
8374
6838
6470
7216
7566
6341
4167
3161
5064
9515
14092
16155
14880
11709
8875
7398
6402
4309
728
-2824
-4110
-2225
1383
3919
3431
253
-3524
-6029
-7169
-8383
-10896
-14174
-16125
-14918
-10765
-6007
-3335
-3714
-5819
-7419
-7408
-6597
-6603
-7955
-9263
-8310
-4109
1977
7138
9276
8555
6974
6436
7118
7596
6558
4400
3147
4690
8947
13659
16095
15162
12090
9130
7512
6545
4632
1176
-2497
-4127
-2572
973
3765
3649
690
-3136
-5830
-7068
-8191
-10544
-13823
-16042
-15230
-11323
-6484
-3481
-3544
-5566
-7315
-7479
-6675
-6527
-7763
-9190
-8584
-4727
1277
6682
9202
8725
7125
6421
7018
7605
6758
4645
3171
4354
8385
13195
15990
15416
12474
9404
7635
6674
4933
1619
-2142
-4101
-2892
553
3570
3829
1115
-2732
-5609
-6966
-8016
-10206
-13459
-15917
-15499
-11868
-6986
-3669
-3400
-5310
-7188
-7536
-6763
-6471
-7575
-9090
-8812
-5315
569
6186
9086
8881
7289
6424
6917
7594
6940
4897
3232
4058
7834
12703
15837
15637
12856
9698
7770
6793
5211
2056
-1763
-4030
-3180
128
3337
3967
1526
-2313
-5367
-6860
-7858
-9883
-13084
-15753
-15724
-12397
-7511
-3900
-3285
-5051
-7040
-7577
-6858
-6436
-7394
-8965
-8997
-5870
-142
5652
8928
9018
7465
6448
6819
7563
7102
5155
3327
3802
7298
12188
15639
15823
13235
10010
7919
6903
5467
2482
-1364
-3917
-3435
-298
3069
4063
1918
-1882
-5103
-6747
-7715
-9579
-12704
-15553
-15904
-12903
-8053
-4172
-3204
-4796
-6870
-7601
-6957
-6421
-7222
-8821
-9138
-6389
-853
5084
8726
9133
7650
6491
6727
7515
7242
5413
3454
3589
6782
11652
15396
15972
13606
10339
8084
7007
5700
2896
-947
-3762
-3653
-722
2767
4117
2287
-1442
-4815
-6624
-7584
-9292
-12320
-15318
-16037
-13384
-8608
-4484
-3157
-4546
-6680
-7604
-7058
-6425
-7062
-8659
-9236
-6869
-1558
4483
8480
9223
7840
6555
6642
7452
7359
5668
3609
3417
6290
11101
15110
16081
13966
10683
8266
7108
5912
3293
-516
-3566
-3832
-1139
2436
4126
2631
-997
-4506
-6489
-7465
-9025
-11937
-15052
-16125
-13836
-9173
-4835
-3148
-4305
-6473
-7587
-7158
-6448
-6917
-8484
-9295
-7309
-2254
3855
8189
9284
8032
6639
6569
7377
7454
5917
3789
3288
5824
10539
14781
16147
14310
11041
8466
7209
6103
3674
-76
-3333
-3970
-1542
2079
4091
2946
-548
-4174
-6340
-7354
-8778
-11558
-14760
-16166
-14255
-9743
-5223
-3178
-4078
-6251
-7548
-7254
-6487
-6789
-8299
-9315
-7706
-2935
3202
7853
9313
8224
6742
6508
7291
7525
6158
3992
3201
5388
9971
14413
16169
14635
11409
8685
7312
6276
4035
369
-3064
-4065
-1930
1700
4013
3229
-101
-3821
-6175
-7250
-8551
-11187
-14443
-16161
-14639
-10313
-5646
-3248
-3868
-6015
-7485
-7343
-6543
-6678
-8109
-9299
-8060
-3596
2528
7473
9307
8411
6864
6462
7197
7574
6386
4212
3155
4986
9401
14008
16146
14938
11785
8924
7420
6431
4376
818
-2761
-4117
-2296
1302
3892
3477
341
-3448
-5991
-7148
-8343
-10825
-14105
-16112
-14983
-10878
-6100
-3360
-3678
-5769
-7400
-7423
-6612
-6586
-7917
-9251
-8369
-4235
1838
7050
9264
8590
7003
6432
7098
7600
6600
4448
3149
4620
8834
13569
16078
15215
12167
9183
7535
6572
4694
1265
-2428
-4126
-2638
890
3729
3688
776
-3057
-5787
-7048
-8154
-10475
-13751
-16020
-15287
-11433
-6582
-3515
-3513
-5515
-7292
-7492
-6692
-6514
-7725
-9172
-8633
-4847
1136
6585
9182
8758
7157
6420
6997
7605
6796
4695
3181
4292
8274
13099
15963
15463
12550
9462
7661
6699
4990
1707
-2068
-4090
-2952
469
3527
3860
1199
-2649
-5563
-6945
-7983
-10140
-13385
-15888
-15548
-11976
-7089
-3712
-3374
-5258
-7160
-7546
-6781
-6463
-7538
-9067
-8853
-5429
427
6082
9058
8910
7324
6428
6897
7589
6974
4949
3249
4003
7726
12602
15801
15677
12933
9759
7799
6816
5264
2142
-1685
-4011
-3234
42
3287
3990
1606
-2228
-5316
-6838
-7828
-9821
-13009
-15716
-15764
-12500
-7618
-3951
-3266
-5000
-7007
-7584
-6877
-6431
-7358
-8938
-9028
-5976
-284
5541
8891
9043
7501
6455
6800
7555
7131
5206
3350
3756
7194
12082
15594
15856
13310
10075
7951
6924
5515
2566
-1281
-3889
-3482
-384
3011
4078
1994
-1795
-5047
-6723
-7688
-9520
-12627
-15508
-15934
-13002
-8163
-4231
-3191
-4745
-6833
-7603
-6977
-6420
-7189
-8789
-9161
-6488
-995
4966
8681
9153
7687
6502
6709
7504
7267
5464
3483
3551
6682
11543
15343
15997
13679
10407
8119
7028
5744
2976
-861
-3726
-3692
-806
2704
4122
2358
-1354
-4755
-6598
-7560
-9237
-12243
-15267
-16059
-13477
-8721
-4551
-3152
-4497
-6640
-7603
-7078
-6428
-7032
-8625
-9251
-6960
-1699
4360
8425
9237
7878
6570
6627
7438
7380
5719
3643
3388
6194
10990
15047
16097
14036
10754
8304
7128
5952
3371
-429
-3523
-3863
-1220
2367
4122
2697
-907
-4441
-6461
-7442
-8974
-11861
-14996
-16136
-13923
-9287
-4910
-3151
-4259
-6430
-7581
-7177
-6454
-6890
-8448
-9302
-7391
-2391
3726
8125
9292
8071
6658
6555
7360
7470
5966
3828
3267
5734
10426
14711
16155
14377
11114
8508
7229
6139
3748
12
-3282
-3992
-1621
2005
4079
3006
-459
-4105
-6308
-7333
-8731
-11483
-14698
-16168
-14335
-9857
-5305
-3189
-4034
-6204
-7537
-7272
-6497
-6765
-8262
-9315
-7780
-3069
3069
7780
9315
8262
6765
6497
7272
7537
6204
4034
3189
5305
9857
14335
16168
14698
11483
8731
7333
6308
4105
459
-3006
-4079
-2005
1621
3992
3282
-12
-3748
-6139
-7229
-8508
-11114
-14377
-16155
-14711
-10426
-5734
-3267
-3828
-5966
-7470
-7360
-6555
-6658
-8071
-9292
-8125
-3726
2391
7391
9302
8448
6890
6454
7177
7581
6430
4259
3151
4910
9287
13923
16136
14996
11861
8974
7442
6461
4441
907
-2697
-4122
-2367
1220
3863
3523
429
-3371
-5952
-7128
-8304
-10754
-14036
-16097
-15047
-10990
-6194
-3388
-3643
-5719
-7380
-7438
-6627
-6570
-7878
-9237
-8425
-4360
1699
6960
9251
8625
7032
6428
7078
7603
6640
4497
3152
4551
8721
13477
16059
15267
12243
9237
7560
6598
4755
1354
-2358
-4122
-2704
806
3692
3726
861
-2976
-5744
-7028
-8119
-10407
-13679
-15997
-15343
-11543
-6682
-3551
-3483
-5464
-7267
-7504
-6709
-6502
-7687
-9153
-8681
-4966
995
6488
9161
8789
7189
6420
6977
7603
6833
4745
3191
4231
8163
13002
15934
15508
12627
9520
7688
6723
5047
1795
-1994
-4078
-3011
384
3482
3889
1281
-2566
-5515
-6924
-7951
-10075
-13310
-15856
-15594
-12082
-7194
-3756
-3350
-5206
-7131
-7555
-6800
-6455
-7501
-9043
-8891
-5541
284
5976
9028
8938
7358
6431
6877
7584
7007
5000
3266
3951
7618
12500
15764
15716
13009
9821
7828
6838
5316
2228
-1606
-3990
-3287
-42
3234
4011
1685
-2142
-5264
-6816
-7799
-9759
-12933
-15677
-15801
-12602
-7726
-4003
-3249
-4949
-6974
-7589
-6897
-6428
-7324
-8910
-9058
-6082
-427
5429
8853
9067
7538
6463
6781
7546
7160
5258
3374
3712
7089
11976
15548
15888
13385
10140
7983
6945
5563
2649
-1199
-3860
-3527
-469
2952
4090
2068
-1707
-4990
-6699
-7661
-9462
-12550
-15463
-15963
-13099
-8274
-4292
-3181
-4695
-6796
-7605
-6997
-6420
-7157
-8758
-9182
-6585
-1136
4847
8633
9172
7725
6514
6692
7492
7292
5515
3513
3515
6582
11433
15287
16020
13751
10475
8154
7048
5787
3057
-776
-3688
-3729
-890
2638
4126
2428
-1265
-4694
-6572
-7535
-9183
-12167
-15215
-16078
-13569
-8834
-4620
-3149
-4448
-6600
-7600
-7098
-6432
-7003
-8590
-9264
-7050
-1838
4235
8369
9251
7917
6586
6612
7423
7400
5769
3678
3360
6100
10878
14983
16112
14105
10825
8343
7148
5991
3448
-341
-3477
-3892
-1302
2296
4117
2761
-818
-4376
-6431
-7420
-8924
-11785
-14938
-16146
-14008
-9401
-4986
-3155
-4212
-6386
-7574
-7197
-6462
-6864
-8411
-9307
-7473
-2528
3596
8060
9299
8109
6678
6543
7343
7485
6015
3868
3248
5646
10313
14639
16161
14443
11187
8551
7250
6175
3821
101
-3229
-4013
-1700
1930
4065
3064
-369
-4035
-6276
-7312
-8685
-11409
-14635
-16169
-14413
-9971
-5388
-3201
-3992
-6158
-7525
-7291
-6508
-6742
-8224
-9313
-7853
-3202
2935
7706
9315
8299
6789
6487
7254
7548
6251
4078
3178
5223
9743
14255
16166
14760
11558
8778
7354
6340
4174
548
-2946
-4091
-2079
1542
3970
3333
76
-3674
-6103
-7209
-8466
-11041
-14310
-16147
-14781
-10539
-5824
-3288
-3789
-5917
-7454
-7377
-6569
-6639
-8032
-9284
-8189
-3855
2254
7309
9295
8484
6917
6448
7158
7587
6473
4305
3148
4835
9173
13836
16125
15052
11937
9025
7465
6489
4506
997
-2631
-4126
-2436
1139
3832
3566
516
-3293
-5912
-7108
-8266
-10683
-13966
-16081
-15110
-11101
-6290
-3417
-3609
-5668
-7359
-7452
-6642
-6555
-7840
-9223
-8480
-4483
1558
6869
9236
8659
7062
6425
7058
7604
6680
4546
3157
4484
8608
13384
16037
15318
12320
9292
7584
6624
4815
1442
-2287
-4117
-2767
722
3653
3762
947
-2896
-5700
-7007
-8084
-10339
-13606
-15972
-15396
-11652
-6782
-3589
-3454
-5413
-7242
-7515
-6727
-6491
-7650
-9133
-8726
-5084
853
6389
9138
8821
7222
6421
6957
7601
6870
4796
3204
4172
8053
12903
15904
15553
12704
9579
7715
6747
5103
1882
-1918
-4063
-3069
298
3435
3917
1364
-2482
-5467
-6903
-7919
-10010
-13235
-15823
-15639
-12188
-7298
-3802
-3327
-5155
-7102
-7563
-6819
-6448
-7465
-9018
-8928
-5652
142
5870
8997
8965
7394
6436
6858
7577
7040
5051
3285
3900
7511
12397
15724
15753
13084
9883
7858
6860
5367
2313
-1526
-3967
-3337
-128
3180
4030
1763
-2056
-5211
-6793
-7770
-9698
-12856
-15637
-15837
-12703
-7834
-4058
-3232
-4897
-6940
-7594
-6917
-6424
-7289
-8881
-9086
-6186
-569
5315
8812
9090
7575
6471
6763
7536
7188
5310
3400
3669
6986
11868
15499
15917
13459
10206
8016
6966
5609
2732
-1115
-3829
-3570
-553
2892
4101
2142
-1619
-4933
-6674
-7635
-9404
-12474
-15416
-15990
-13195
-8385
-4354
-3171
-4645
-6758
-7605
-7018
-6421
-7125
-8725
-9202
-6682
-1277
4727
8584
9190
7763
6527
6675
7479
7315
5566
3544
3481
6484
11323
15230
16042
13823
10544
8191
7068
5830
3136
-690
-3649
-3765
-973
2572
4127
2497
-1176
-4632
-6545
-7512
-9130
-12090
-15162
-16095
-13659
-8947
-4690
-3147
-4400
-6558
-7596
-7118
-6436
-6974
-8555
-9276
-7138
-1977
4109
8310
9263
7955
6603
6597
7408
7419
5819
3714
3335
6007
10765
14918
16125
14174
10896
8383
7169
6029
3524
-253
-3431
-3919
-1383
2225
4110
2824
-728
-4309
-6402
-7398
-8875
-11709
-14880
-16155
-14092
-9515
-5064
-3161
-4167
-6341
-7566
-7216
-6470
-6838
-8374
-9311
-7552
-2664
3466
7992
9305
8147
6699
6531
7326
7500
6063
3908
3231
5559
10199
14565
16166
14508
11260
8595
7270
6209
3893
190
-3175
-4032
-1777
1854
4049
3120
-280
-3964
-6243
-7291
-8640
-11334
-14572
-16168
-14490
-10085
-5473
-3215
-3950
-6111
-7513
-7308
-6519
-6720
-8186
-9310
-7923
-3334
2800
7630
9314
8337
6813
6478
7235
7557
6296
4122
3168
5143
9629
14174
16161
14820
11634
8826
7376
6371
4242
638
-2886
-4102
-2153
1463
3945
3382
165
-3599
-6067
-7189
-8424
-10968
-14243
-16137
-14850
-10652
-5915
-3310
-3751
-5868
-7437
-7393
-6583
-6620
-7994
-9274
-8250
-3983
2116
7224
9286
8520
6945
6442
7138
7592
6516
4352
3147
4762
9060
13748
16111
15108
12014
9077
7488
6517
4569
1086
-2565
-4128
-2505
1056
3799
3608
603
-3215
-5871
-7088
-8228
-10613
-13895
-16062
-15171
-11212
-6386
-3448
-3576
-5617
-7338
-7466
-6659
-6541
-7801
-9207
-8533
-4606
1418
6776
9220
8692
7093
6423
7038
7605
6720
4595
3163
4418
8496
13290
16014
15367
12397
9348
7609
6649
4875
1531
-2215
-4109
-2830
638
3612
3796
1031
-2814
-5655
-6987
-8050
-10272
-13533
-15945
-15449
-11761
-6884
-3628
-3426
-5361
-7216
-7526
-6745
-6481
-7612
-9112
-8770
-5200
711
6288
9113
8851
7255
6422
6937
7597
6905
4846
3217
4114
7943
12804
15872
15595
12780
9638
7742
6770
5157
1969
-1841
-4048
-3125
213
3387
3943
1445
-2398
-5417
-6882
-7888
-9947
-13160
-15789
-15683
-12293
-7404
-3850
-3306
-5103
-7071
-7571
-6838
-6441
-7429
-8992
-8963
-5762
0
5762
8963
8992
7429
6441
6838
7571
7071
5103
3306
3850
7404
12293
15683
15789
13160
9947
7888
6882
5417
2398
-1445
-3943
-3387
-213
3125
4048
1841
-1969
-5157
-6770
-7742
-9638
-12780
-15595
-15872
-12804
-7943
-4114
-3217
-4846
-6905
-7597
-6937
-6422
-7255
-8851
-9113
-6288
-711
5200
8770
9112
7612
6481
6745
7526
7216
5361
3426
3628
6884
11761
15449
15945
13533
10272
8050
6987
5655
2814
-1031
-3796
-3612
-638
2830
4109
2215
-1531
-4875
-6649
-7609
-9348
-12397
-15367
-16014
-13290
-8496
-4418
-3163
-4595
-6720
-7605
-7038
-6423
-7093
-8692
-9220
-6776
-1418
4606
8533
9207
7801
6541
6659
7466
7338
5617
3576
3448
6386
11212
15171
16062
13895
10613
8228
7088
5871
3215
-603
-3608
-3799
-1056
2505
4128
2565
-1086
-4569
-6517
-7488
-9077
-12014
-15108
-16111
-13748
-9060
-4762
-3147
-4352
-6516
-7592
-7138
-6442
-6945
-8520
-9286
-7224
-2116
3983
8250
9274
7994
6620
6583
7393
7437
5868
3751
3310
5915
10652
14850
16137
14243
10968
8424
7189
6067
3599
-165
-3382
-3945
-1463
2153
4102
2886
-638
-4242
-6371
-7376
-8826
-11634
-14820
-16161
-14174
-9629
-5143
-3168
-4122
-6296
-7557
-7235
-6478
-6813
-8337
-9314
-7630
-2800
3334
7923
9310
8186
6720
6519
7308
7513
6111
3950
3215
5473
10085
14490
16168
14572
11334
8640
7291
6243
3964
280
-3120
-4049
-1854
1777
4032
3175
-190
-3893
-6209
-7270
-8595
-11260
-14508
-16166
-14565
-10199
-5559
-3231
-3908
-6063
-7500
-7326
-6531
-6699
-8147
-9305
-7992
-3466
2664
7552
9311
8374
6838
6470
7216
7566
6341
4167
3161
5064
9515
14092
16155
14880
11709
8875
7398
6402
4309
728
-2824
-4110
-2225
1383
3919
3431
253
-3524
-6029
-7169
-8383
-10896
-14174
-16125
-14918
-10765
-6007
-3335
-3714
-5819
-7419
-7408
-6597
-6603
-7955
-9263
-8310
-4109
1977
7138
9276
8555
6974
6436
7118
7596
6558
4400
3147
4690
8947
13659
16095
15162
12090
9130
7512
6545
4632
1176
-2497
-4127
-2572
973
3765
3649
690
-3136
-5830
-7068
-8191
-10544
-13823
-16042
-15230
-11323
-6484
-3481
-3544
-5566
-7315
-7479
-6675
-6527
-7763
-9190
-8584
-4727
1277
6682
9202
8725
7125
6421
7018
7605
6758
4645
3171
4354
8385
13195
15990
15416
12474
9404
7635
6674
4933
1619
-2142
-4101
-2892
553
3570
3829
1115
-2732
-5609
-6966
-8016
-10206
-13459
-15917
-15499
-11868
-6986
-3669
-3400
-5310
-7188
-7536
-6763
-6471
-7575
-9090
-8812
-5315
569
6186
9086
8881
7289
6424
6917
7594
6940
4897
3232
4058
7834
12703
15837
15637
12856
9698
7770
6793
5211
2056
-1763
-4030
-3180
128
3337
3967
1526
-2313
-5367
-6860
-7858
-9883
-13084
-15753
-15724
-12397
-7511
-3900
-3285
-5051
-7040
-7577
-6858
-6436
-7394
-8965
-8997
-5870
-142
5652
8928
9018
7465
6448
6819
7563
7102
5155
3327
3802
7298
12188
15639
15823
13235
10010
7919
6903
5467
2482
-1364
-3917
-3435
-298
3069
4063
1918
-1882
-5103
-6747
-7715
-9579
-12704
-15553
-15904
-12903
-8053
-4172
-3204
-4796
-6870
-7601
-6957
-6421
-7222
-8821
-9138
-6389
-853
5084
8726
9133
7650
6491
6727
7515
7242
5413
3454
3589
6782
11652
15396
15972
13606
10339
8084
7007
5700
2896
-947
-3762
-3653
-722
2767
4117
2287
-1442
-4815
-6624
-7584
-9292
-12320
-15318
-16037
-13384
-8608
-4484
-3157
-4546
-6680
-7604
-7058
-6425
-7062
-8659
-9236
-6869
-1558
4483
8480
9223
7840
6555
6642
7452
7359
5668
3609
3417
6290
11101
15110
16081
13966
10683
8266
7108
5912
3293
-516
-3566
-3832
-1139
2436
4126
2631
-997
-4506
-6489
-7465
-9025
-11937
-15052
-16125
-13836
-9173
-4835
-3148
-4305
-6473
-7587
-7158
-6448
-6917
-8484
-9295
-7309
-2254
3855
8189
9284
8032
6639
6569
7377
7454
5917
3789
3288
5824
10539
14781
16147
14310
11041
8466
7209
6103
3674
-76
-3333
-3970
-1542
2079
4091
2946
-548
-4174
-6340
-7354
-8778
-11558
-14760
-16166
-14255
-9743
-5223
-3178
-4078
-6251
-7548
-7254
-6487
-6789
-8299
-9315
-7706
-2935
3202
7853
9313
8224
6742
6508
7291
7525
6158
3992
3201
5388
9971
14413
16169
14635
11409
8685
7312
6276
4035
369
-3064
-4065
-1930
1700
4013
3229
-101
-3821
-6175
-7250
-8551
-11187
-14443
-16161
-14639
-10313
-5646
-3248
-3868
-6015
-7485
-7343
-6543
-6678
-8109
-9299
-8060
-3596
2528
7473
9307
8411
6864
6462
7197
7574
6386
4212
3155
4986
9401
14008
16146
14938
11785
8924
7420
6431
4376
818
-2761
-4117
-2296
1302
3892
3477
341
-3448
-5991
-7148
-8343
-10825
-14105
-16112
-14983
-10878
-6100
-3360
-3678
-5769
-7400
-7423
-6612
-6586
-7917
-9251
-8369
-4235
1838
7050
9264
8590
7003
6432
7098
7600
6600
4448
3149
4620
8834
13569
16078
15215
12167
9183
7535
6572
4694
1265
-2428
-4126
-2638
890
3729
3688
776
-3057
-5787
-7048
-8154
-10475
-13751
-16020
-15287
-11433
-6582
-3515
-3513
-5515
-7292
-7492
-6692
-6514
-7725
-9172
-8633
-4847
1136
6585
9182
8758
7157
6420
6997
7605
6796
4695
3181
4292
8274
13099
15963
15463
12550
9462
7661
6699
4990
1707
-2068
-4090
-2952
469
3527
3860
1199
-2649
-5563
-6945
-7983
-10140
-13385
-15888
-15548
-11976
-7089
-3712
-3374
-5258
-7160
-7546
-6781
-6463
-7538
-9067
-8853
-5429
427
6082
9058
8910
7324
6428
6897
7589
6974
4949
3249
4003
7726
12602
15801
15677
12933
9759
7799
6816
5264
2142
-1685
-4011
-3234
42
3287
3990
1606
-2228
-5316
-6838
-7828
-9821
-13009
-15716
-15764
-12500
-7618
-3951
-3266
-5000
-7007
-7584
-6877
-6431
-7358
-8938
-9028
-5976
-284
5541
8891
9043
7501
6455
6800
7555
7131
5206
3350
3756
7194
12082
15594
15856
13310
10075
7951
6924
5515
2566
-1281
-3889
-3482
-384
3011
4078
1994
-1795
-5047
-6723
-7688
-9520
-12627
-15508
-15934
-13002
-8163
-4231
-3191
-4745
-6833
-7603
-6977
-6420
-7189
-8789
-9161
-6488
-995
4966
8681
9153
7687
6502
6709
7504
7267
5464
3483
3551
6682
11543
15343
15997
13679
10407
8119
7028
5744
2976
-861
-3726
-3692
-806
2704
4122
2358
-1354
-4755
-6598
-7560
-9237
-12243
-15267
-16059
-13477
-8721
-4551
-3152
-4497
-6640
-7603
-7078
-6428
-7032
-8625
-9251
-6960
-1699
4360
8425
9237
7878
6570
6627
7438
7380
5719
3643
3388
6194
10990
15047
16097
14036
10754
8304
7128
5952
3371
-429
-3523
-3863
-1220
2367
4122
2697
-907
-4441
-6461
-7442
-8974
-11861
-14996
-16136
-13923
-9287
-4910
-3151
-4259
-6430
-7581
-7177
-6454
-6890
-8448
-9302
-7391
-2391
3726
8125
9292
8071
6658
6555
7360
7470
5966
3828
3267
5734
10426
14711
16155
14377
11114
8508
7229
6139
3748
12
-3282
-3992
-1621
2005
4079
3006
-459
-4105
-6308
-7333
-8731
-11483
-14698
-16168
-14335
-9857
-5305
-3189
-4034
-6204
-7537
-7272
-6497
-6765
-8262
-9315
-7780
-3069
3069
7780
9315
8262
6765
6497
7272
7537
6204
4034
3189
5305
9857
14335
16168
14698
11483
8731
7333
6308
4105
459
-3006
-4079
-2005
1621
3992
3282
-12
-3748
-6139
-7229
-8508
-11114
-14377
-16155
-14711
-10426
-5734
-3267
-3828
-5966
-7470
-7360
-6555
-6658
-8071
-9292
-8125
-3726
2391
7391
9302
8448
6890
6454
7177
7581
6430
4259
3151
4910
9287
13923
16136
14996
11861
8974
7442
6461
4441
907
-2697
-4122
-2367
1220
3863
3523
429
-3371
-5952
-7128
-8304
-10754
-14036
-16097
-15047
-10990
-6194
-3388
-3643
-5719
-7380
-7438
-6627
-6570
-7878
-9237
-8425
-4360
1699
6960
9251
8625
7032
6428
7078
7603
6640
4497
3152
4551
8721
13477
16059
15267
12243
9237
7560
6598
4755
1354
-2358
-4122
-2704
806
3692
3726
861
-2976
-5744
-7028
-8119
-10407
-13679
-15997
-15343
-11543
-6682
-3551
-3483
-5464
-7267
-7504
-6709
-6502
-7687
-9153
-8681
-4966
995
6488
9161
8789
7189
6420
6977
7603
6833
4745
3191
4231
8163
13002
15934
15508
12627
9520
7688
6723
5047
1795
-1994
-4078
-3011
384
3482
3889
1281
-2566
-5515
-6924
-7951
-10075
-13310
-15856
-15594
-12082
-7194
-3756
-3350
-5206
-7131
-7555
-6800
-6455
-7501
-9043
-8891
-5541
284
5976
9028
8938
7358
6431
6877
7584
7007
5000
3266
3951
7618
12500
15764
15716
13009
9821
7828
6838
5316
2228
-1606
-3990
-3287
-42
3234
4011
1685
-2142
-5264
-6816
-7799
-9759
-12933
-15677
-15801
-12602
-7726
-4003
-3249
-4949
-6974
-7589
-6897
-6428
-7324
-8910
-9058
-6082
-427
5429
8853
9067
7538
6463
6781
7546
7160
5258
3374
3712
7089
11976
15548
15888
13385
10140
7983
6945
5563
2649
-1199
-3860
-3527
-469
2952
4090
2068
-1707
-4990
-6699
-7661
-9462
-12550
-15463
-15963
-13099
-8274
-4292
-3181
-4695
-6796
-7605
-6997
-6420
-7157
-8758
-9182
-6585
-1136
4847
8633
9172
7725
6514
6692
7492
7292
5515
3513
3515
6582
11433
15287
16020
13751
10475
8154
7048
5787
3057
-776
-3688
-3729
-890
2638
4126
2428
-1265
-4694
-6572
-7535
-9183
-12167
-15215
-16078
-13569
-8834
-4620
-3149
-4448
-6600
-7600
-7098
-6432
-7003
-8590
-9264
-7050
-1838
4235
8369
9251
7917
6586
6612
7423
7400
5769
3678
3360
6100
10878
14983
16112
14105
10825
8343
7148
5991
3448
-341
-3477
-3892
-1302
2296
4117
2761
-818
-4376
-6431
-7420
-8924
-11785
-14938
-16146
-14008
-9401
-4986
-3155
-4212
-6386
-7574
-7197
-6462
-6864
-8411
-9307
-7473
-2528
3596
8060
9299
8109
6678
6543
7343
7485
6015
3868
3248
5646
10313
14639
16161
14443
11187
8551
7250
6175
3821
101
-3229
-4013
-1700
1930
4065
3064
-369
-4035
-6276
-7312
-8685
-11409
-14635
-16169
-14413
-9971
-5388
-3201
-3992
-6158
-7525
-7291
-6508
-6742
-8224
-9313
-7853
-3202
2935
7706
9315
8299
6789
6487
7254
7548
6251
4078
3178
5223
9743
14255
16166
14760
11558
8778
7354
6340
4174
548
-2946
-4091
-2079
1542
3970
3333
76
-3674
-6103
-7209
-8466
-11041
-14310
-16147
-14781
-10539
-5824
-3288
-3789
-5917
-7454
-7377
-6569
-6639
-8032
-9284
-8189
-3855
2254
7309
9295
8484
6917
6448
7158
7587
6473
4305
3148
4835
9173
13836
16125
15052
11937
9025
7465
6489
4506
997
-2631
-4126
-2436
1139
3832
3566
516
-3293
-5912
-7108
-8266
-10683
-13966
-16081
-15110
-11101
-6290
-3417
-3609
-5668
-7359
-7452
-6642
-6555
-7840
-9223
-8480
-4483
1558
6869
9236
8659
7062
6425
7058
7604
6680
4546
3157
4484
8608
13384
16037
15318
12320
9292
7584
6624
4815
1442
-2287
-4117
-2767
722
3653
3762
947
-2896
-5700
-7007
-8084
-10339
-13606
-15972
-15396
-11652
-6782
-3589
-3454
-5413
-7242
-7515
-6727
-6491
-7650
-9133
-8726
-5084
853
6389
9138
8821
7222
6421
6957
7601
6870
4796
3204
4172
8053
12903
15904
15553
12704
9579
7715
6747
5103
1882
-1918
-4063
-3069
298
3435
3917
1364
-2482
-5467
-6903
-7919
-10010
-13235
-15823
-15639
-12188
-7298
-3802
-3327
-5155
-7102
-7563
-6819
-6448
-7465
-9018
-8928
-5652
142
5870
8997
8965
7394
6436
6858
7577
7040
5051
3285
3900
7511
12397
15724
15753
13084
9883
7858
6860
5367
2313
-1526
-3967
-3337
-128
3180
4030
1763
-2056
-5211
-6793
-7770
-9698
-12856
-15637
-15837
-12703
-7834
-4058
-3232
-4897
-6940
-7594
-6917
-6424
-7289
-8881
-9086
-6186
-569
5315
8812
9090
7575
6471
6763
7536
7188
5310
3400
3669
6986
11868
15499
15917
13459
10206
8016
6966
5609
2732
-1115
-3829
-3570
-553
2892
4101
2142
-1619
-4933
-6674
-7635
-9404
-12474
-15416
-15990
-13195
-8385
-4354
-3171
-4645
-6758
-7605
-7018
-6421
-7125
-8725
-9202
-6682
-1277
4727
8584
9190
7763
6527
6675
7479
7315
5566
3544
3481
6484
11323
15230
16042
13823
10544
8191
7068
5830
3136
-690
-3649
-3765
-973
2572
4127
2497
-1176
-4632
-6545
-7512
-9130
-12090
-15162
-16095
-13659
-8947
-4690
-3147
-4400
-6558
-7596
-7118
-6436
-6974
-8555
-9276
-7138
-1977
4109
8310
9263
7955
6603
6597
7408
7419
5819
3714
3335
6007
10765
14918
16125
14174
10896
8383
7169
6029
3524
-253
-3431
-3919
-1383
2225
4110
2824
-728
-4309
-6402
-7398
-8875
-11709
-14880
-16155
-14092
-9515
-5064
-3161
-4167
-6341
-7566
-7216
-6470
-6838
-8374
-9311
-7552
-2664
3466
7992
9305
8147
6699
6531
7326
7500
6063
3908
3231
5559
10199
14565
16166
14508
11260
8595
7270
6209
3893
190
-3175
-4032
-1777
1854
4049
3120
-280
-3964
-6243
-7291
-8640
-11334
-14572
-16168
-14490
-10085
-5473
-3215
-3950
-6111
-7513
-7308
-6519
-6720
-8186
-9310
-7923
-3334
2800
7630
9314
8337
6813
6478
7235
7557
6296
4122
3168
5143
9629
14174
16161
14820
11634
8826
7376
6371
4242
638
-2886
-4102
-2153
1463
3945
3382
165
-3599
-6067
-7189
-8424
-10968
-14243
-16137
-14850
-10652
-5915
-3310
-3751
-5868
-7437
-7393
-6583
-6620
-7994
-9274
-8250
-3983
2116
7224
9286
8520
6945
6442
7138
7592
6516
4352
3147
4762
9060
13748
16111
15108
12014
9077
7488
6517
4569
1086
-2565
-4128
-2505
1056
3799
3608
603
-3215
-5871
-7088
-8228
-10613
-13895
-16062
-15171
-11212
-6386
-3448
-3576
-5617
-7338
-7466
-6659
-6541
-7801
-9207
-8533
-4606
1418
6776
9220
8692
7093
6423
7038
7605
6720
4595
3163
4418
8496
13290
16014
15367
12397
9348
7609
6649
4875
1531
-2215
-4109
-2830
638
3612
3796
1031
-2814
-5655
-6987
-8050
-10272
-13533
-15945
-15449
-11761
-6884
-3628
-3426
-5361
-7216
-7526
-6745
-6481
-7612
-9112
-8770
-5200
711
6288
9113
8851
7255
6422
6937
7597
6905
4846
3217
4114
7943
12804
15872
15595
12780
9638
7742
6770
5157
1969
-1841
-4048
-3125
213
3387
3943
1445
-2398
-5417
-6882
-7888
-9947
-13160
-15789
-15683
-12293
-7404
-3850
-3306
-5103
-7071
-7571
-6838
-6441
-7429
-8992
-8963
-5762
0
5762
8963
8992
7429
6441
6838
7571
7071
5103
3306
3850
7404
12293
15683
15789
13160
9947
7888
6882
5417
2398
-1445
-3943
-3387
-213
3125
4048
1841
-1969
-5157
-6770
-7742
-9638
-12780
-15595
-15872
-12804
-7943
-4114
-3217
-4846
-6905
-7597
-6937
-6422
-7255
-8851
-9113
-6288
-711
5200
8770
9112
7612
6481
6745
7526
7216
5361
3426
3628
6884
11761
15449
15945
13533
10272
8050
6987
5655
2814
-1031
-3796
-3612
-638
2830
4109
2215
-1531
-4875
-6649
-7609
-9348
-12397
-15367
-16014
-13290
-8496
-4418
-3163
-4595
-6720
-7605
-7038
-6423
-7093
-8692
-9220
-6776
-1418
4606
8533
9207
7801
6541
6659
7466
7338
5617
3576
3448
6386
11212
15171
16062
13895
10613
8228
7088
5871
3215
-603
-3608
-3799
-1056
2505
4128
2565
-1086
-4569
-6517
-7488
-9077
-12014
-15108
-16111
-13748
-9060
-4762
-3147
-4352
-6516
-7592
-7138
-6442
-6945
-8520
-9286
-7224
-2116
3983
8250
9274
7994
6620
6583
7393
7437
5868
3751
3310
5915
10652
14850
16137
14243
10968
8424
7189
6067
3599
-165
-3382
-3945
-1463
2153
4102
2886
-638
-4242
-6371
-7376
-8826
-11634
-14820
-16161
-14174
-9629
-5143
-3168
-4122
-6296
-7557
-7235
-6478
-6813
-8337
-9314
-7630
-2800
3334
7923
9310
8186
6720
6519
7308
7513
6111
3950
3215
5473
10085
14490
16168
14572
11334
8640
7291
6243
3964
280
-3120
-4049
-1854
1777
4032
3175
-190
-3893
-6209
-7270
-8595
-11260
-14508
-16166
-14565
-10199
-5559
-3231
-3908
-6063
-7500
-7326
-6531
-6699
-8147
-9305
-7992
-3466
2664
7552
9311
8374
6838
6470
7216
7566
6341
4167
3161
5064
9515
14092
16155
14880
11709
8875
7398
6402
4309
728
-2824
-4110
-2225
1383
3919
3431
253
-3524
-6029
-7169
-8383
-10896
-14174
-16125
-14918
-10765
-6007
-3335
-3714
-5819
-7419
-7408
-6597
-6603
-7955
-9263
-8310
-4109
1977
7138
9276
8555
6974
6436
7118
7596
6558
4400
3147
4690
8947
13659
16095
15162
12090
9130
7512
6545
4632
1176
-2497
-4127
-2572
973
3765
3649
690
-3136
-5830
-7068
-8191
-10544
-13823
-16042
-15230
-11323
-6484
-3481
-3544
-5566
-7315
-7479
-6675
-6527
-7763
-9190
-8584
-4727
1277
6682
9202
8725
7125
6421
7018
7605
6758
4645
3171
4354
8385
13195
15990
15416
12474
9404
7635
6674
4933
1619
-2142
-4101
-2892
553
3570
3829
1115
-2732
-5609
-6966
-8016
-10206
-13459
-15917
-15499
-11868
-6986
-3669
-3400
-5310
-7188
-7536
-6763
-6471
-7575
-9090
-8812
-5315
569
6186
9086
8881
7289
6424
6917
7594
6940
4897
3232
4058
7834
12703
15837
15637
12856
9698
7770
6793
5211
2056
-1763
-4030
-3180
128
3337
3967
1526
-2313
-5367
-6860
-7858
-9883
-13084
-15753
-15724
-12397
-7511
-3900
-3285
-5051
-7040
-7577
-6858
-6436
-7394
-8965
-8997
-5870
-142
5652
8928
9018
7465
6448
6819
7563
7102
5155
3327
3802
7298
12188
15639
15823
13235
10010
7919
6903
5467
2482
-1364
-3917
-3435
-298
3069
4063
1918
-1882
-5103
-6747
-7715
-9579
-12704
-15553
-15904
-12903
-8053
-4172
-3204
-4796
-6870
-7601
-6957
-6421
-7222
-8821
-9138
-6389
-853
5084
8726
9133
7650
6491
6727
7515
7242
5413
3454
3589
6782
11652
15396
15972
13606
10339
8084
7007
5700
2896
-947
-3762
-3653
-722
2767
4117
2287
-1442
-4815
-6624
-7584
-9292
-12320
-15318
-16037
-13384
-8608
-4484
-3157
-4546
-6680
-7604
-7058
-6425
-7062
-8659
-9236
-6869
-1558
4483
8480
9223
7840
6555
6642
7452
7359
5668
3609
3417
6290
11101
15110
16081
13966
10683
8266
7108
5912
3293
-516
-3566
-3832
-1139
2436
4126
2631
-997
-4506
-6489
-7465
-9025
-11937
-15052
-16125
-13836
-9173
-4835
-3148
-4305
-6473
-7587
-7158
-6448
-6917
-8484
-9295
-7309
-2254
3855
8189
9284
8032
6639
6569
7377
7454
5917
3789
3288
5824
10539
14781
16147
14310
11041
8466
7209
6103
3674
-76
-3333
-3970
-1542
2079
4091
2946
-548
-4174
-6340
-7354
-8778
-11558
-14760
-16166
-14255
-9743
-5223
-3178
-4078
-6251
-7548
-7254
-6487
-6789
-8299
-9315
-7706
-2935
3202
7853
9313
8224
6742
6508
7291
7525
6158
3992
3201
5388
9971
14413
16169
14635
11409
8685
7312
6276
4035
369
-3064
-4065
-1930
1700
4013
3229
-101
-3821
-6175
-7250
-8551
-11187
-14443
-16161
-14639
-10313
-5646
-3248
-3868
-6015
-7485
-7343
-6543
-6678
-8109
-9299
-8060
-3596
2528
7473
9307
8411
6864
6462
7197
7574
6386
4212
3155
4986
9401
14008
16146
14938
11785
8924
7420
6431
4376
818
-2761
-4117
-2296
1302
3892
3477
341
-3448
-5991
-7148
-8343
-10825
-14105
-16112
-14983
-10878
-6100
-3360
-3678
-5769
-7400
-7423
-6612
-6586
-7917
-9251
-8369
-4235
1838
7050
9264
8590
7003
6432
7098
7600
6600
4448
3149
4620
8834
13569
16078
15215
12167
9183
7535
6572
4694
1265
-2428
-4126
-2638
890
3729
3688
776
-3057
-5787
-7048
-8154
-10475
-13751
-16020
-15287
-11433
-6582
-3515
-3513
-5515
-7292
-7492
-6692
-6514
-7725
-9172
-8633
-4847
1136
6585
9182
8758
7157
6420
6997
7605
6796
4695
3181
4292
8274
13099
15963
15463
12550
9462
7661
6699
4990
1707
-2068
-4090
-2952
469
3527
3860
1199
-2649
-5563
-6945
-7983
-10140
-13385
-15888
-15548
-11976
-7089
-3712
-3374
-5258
-7160
-7546
-6781
-6463
-7538
-9067
-8853
-5429
427
6082
9058
8910
7324
6428
6897
7589
6974
4949
3249
4003
7726
12602
15801
15677
12933
9759
7799
6816
5264
2142
-1685
-4011
-3234
42
3287
3990
1606
-2228
-5316
-6838
-7828
-9821
-13009
-15716
-15764
-12500
-7618
-3951
-3266
-5000
-7007
-7584
-6877
-6431
-7358
-8938
-9028
-5976
-284
5541
8891
9043
7501
6455
6800
7555
7131
5206
3350
3756
7194
12082
15594
15856
13310
10075
7951
6924
5515
2566
-1281
-3889
-3482
-384
3011
4078
1994
-1795
-5047
-6723
-7688
-9520
-12627
-15508
-15934
-13002
-8163
-4231
-3191
-4745
-6833
-7603
-6977
-6420
-7189
-8789
-9161
-6488
-995
4966
8681
9153
7687
6502
6709
7504
7267
5464
3483
3551
6682
11543
15343
15997
13679
10407
8119
7028
5744
2976
-861
-3726
-3692
-806
2704
4122
2358
-1354
-4755
-6598
-7560
-9237
-12243
-15267
-16059
-13477
-8721
-4551
-3152
-4497
-6640
-7603
-7078
-6428
-7032
-8625
-9251
-6960
-1699
4360
8425
9237
7878
6570
6627
7438
7380
5719
3643
3388
6194
10990
15047
16097
14036
10754
8304
7128
5952
3371
-429
-3523
-3863
-1220
2367
4122
2697
-907
-4441
-6461
-7442
-8974
-11861
-14996
-16136
-13923
-9287
-4910
-3151
-4259
-6430
-7581
-7177
-6454
-6890
-8448
-9302
-7391
-2391
3726
8125
9292
8071
6658
6555
7360
7470
5966
3828
3267
5734
10426
14711
16155
14377
11114
8508
7229
6139
3748
12
-3282
-3992
-1621
2005
4079
3006
-459
-4105
-6308
-7333
-8731
-11483
-14698
-16168
-14335
-9857
-5305
-3189
-4034
-6204
-7537
-7272
-6497
-6765
-8262
-9315
-7780
-3069
3069
7780
9315
8262
6765
6497
7272
7537
6204
4034
3189
5305
9857
14335
16168
14698
11483
8731
7333
6308
4105
459
-3006
-4079
-2005
1621
3992
3282
-12
-3748
-6139
-7229
-8508
-11114
-14377
-16155
-14711
-10426
-5734
-3267
-3828
-5966
-7470
-7360
-6555
-6658
-8071
-9292
-8125
-3726
2391
7391
9302
8448
6890
6454
7177
7581
6430
4259
3151
4910
9287
13923
16136
14996
11861
8974
7442
6461
4441
907
-2697
-4122
-2367
1220
3863
3523
429
-3371
-5952
-7128
-8304
-10754
-14036
-16097
-15047
-10990
-6194
-3388
-3643
-5719
-7380
-7438
-6627
-6570
-7878
-9237
-8425
-4360
1699
6960
9251
8625
7032
6428
7078
7603
6640
4497
3152
4551
8721
13477
16059
15267
12243
9237
7560
6598
4755
1354
-2358
-4122
-2704
806
3692
3726
861
-2976
-5744
-7028
-8119
-10407
-13679
-15997
-15343
-11543
-6682
-3551
-3483
-5464
-7267
-7504
-6709
-6502
-7687
-9153
-8681
-4966
995
6488
9161
8789
7189
6420
6977
7603
6833
4745
3191
4231
8163
13002
15934
15508
12627
9520
7688
6723
5047
1795
-1994
-4078
-3011
384
3482
3889
1281
-2566
-5515
-6924
-7951
-10075
-13310
-15856
-15594
-12082
-7194
-3756
-3350
-5206
-7131
-7555
-6800
-6455
-7501
-9043
-8891
-5541
284
5976
9028
8938
7358
6431
6877
7584
7007
5000
3266
3951
7618
12500
15764
15716
13009
9821
7828
6838
5316
2228
-1606
-3990
-3287
-42
3234
4011
1685
-2142
-5264
-6816
-7799
-9759
-12933
-15677
-15801
-12602
-7726
-4003
-3249
-4949
-6974
-7589
-6897
-6428
-7324
-8910
-9058
-6082
-427
5429
8853
9067
7538
6463
6781
7546
7160
5258
3374
3712
7089
11976
15548
15888
13385
10140
7983
6945
5563
2649
-1199
-3860
-3527
-469
2952
4090
2068
-1707
-4990
-6699
-7661
-9462
-12550
-15463
-15963
-13099
-8274
-4292
-3181
-4695
-6796
-7605
-6997
-6420
-7157
-8758
-9182
-6585
-1136
4847
8633
9172
7725
6514
6692
7492
7292
5515
3513
3515
6582
11433
15287
16020
13751
10475
8154
7048
5787
3057
-776
-3688
-3729
-890
2638
4126
2428
-1265
-4694
-6572
-7535
-9183
-12167
-15215
-16078
-13569
-8834
-4620
-3149
-4448
-6600
-7600
-7098
-6432
-7003
-8590
-9264
-7050
-1838
4235
8369
9251
7917
6586
6612
7423
7400
5769
3678
3360
6100
10878
14983
16112
14105
10825
8343
7148
5991
3448
-341
-3477
-3892
-1302
2296
4117
2761
-818
-4376
-6431
-7420
-8924
-11785
-14938
-16146
-14008
-9401
-4986
-3155
-4212
-6386
-7574
-7197
-6462
-6864
-8411
-9307
-7473
-2528
3596
8060
9299
8109
6678
6543
7343
7485
6015
3868
3248
5646
10313
14639
16161
14443
11187
8551
7250
6175
3821
101
-3229
-4013
-1700
1930
4065
3064
-369
-4035
-6276
-7312
-8685
-11409
-14635
-16169
-14413
-9971
-5388
-3201
-3992
-6158
-7525
-7291
-6508
-6742
-8224
-9313
-7853
-3202
2935
7706
9315
8299
6789
6487
7254
7548
6251
4078
3178
5223
9743
14255
16166
14760
11558
8778
7354
6340
4174
548
-2946
-4091
-2079
1542
3970
3333
76
-3674
-6103
-7209
-8466
-11041
-14310
-16147
-14781
-10539
-5824
-3288
-3789
-5917
-7454
-7377
-6569
-6639
-8032
-9284
-8189
-3855
2254
7309
9295
8484
6917
6448
7158
7587
6473
4305
3148
4835
9173
13836
16125
15052
11937
9025
7465
6489
4506
997
-2631
-4126
-2436
1139
3832
3566
516
-3293
-5912
-7108
-8266
-10683
-13966
-16081
-15110
-11101
-6290
-3417
-3609
-5668
-7359
-7452
-6642
-6555
-7840
-9223
-8480
-4483
1558
6869
9236
8659
7062
6425
7058
7604
6680
4546
3157
4484
8608
13384
16037
15318
12320
9292
7584
6624
4815
1442
-2287
-4117
-2767
722
3653
3762
947
-2896
-5700
-7007
-8084
-10339
-13606
-15972
-15396
-11652
-6782
-3589
-3454
-5413
-7242
-7515
-6727
-6491
-7650
-9133
-8726
-5084
853
6389
9138
8821
7222
6421
6957
7601
6870
4796
3204
4172
8053
12903
15904
15553
12704
9579
7715
6747
5103
1882
-1918
-4063
-3069
298
3435
3917
1364
-2482
-5467
-6903
-7919
-10010
-13235
-15823
-15639
-12188
-7298
-3802
-3327
-5155
-7102
-7563
-6819
-6448
-7465
-9018
-8928
-5652
142
5870
8997
8965
7394
6436
6858
7577
7040
5051
3285
3900
7511
12397
15724
15753
13084
9883
7858
6860
5367
2313
-1526
-3967
-3337
-128
3180
4030
1763
-2056
-5211
-6793
-7770
-9698
-12856
-15637
-15837
-12703
-7834
-4058
-3232
-4897
-6940
-7594
-6917
-6424
-7289
-8881
-9086
-6186
-569
5315
8812
9090
7575
6471
6763
7536
7188
5310
3400
3669
6986
11868
15499
15917
13459
10206
8016
6966
5609
2732
-1115
-3829
-3570
-553
2892
4101
2142
-1619
-4933
-6674
-7635
-9404
-12474
-15416
-15990
-13195
-8385
-4354
-3171
-4645
-6758
-7605
-7018
-6421
-7125
-8725
-9202
-6682
-1277
4727
8584
9190
7763
6527
6675
7479
7315
5566
3544
3481
6484
11323
15230
16042
13823
10544
8191
7068
5830
3136
-690
-3649
-3765
-973
2572
4127
2497
-1176
-4632
-6545
-7512
-9130
-12090
-15162
-16095
-13659
-8947
-4690
-3147
-4400
-6558
-7596
-7118
-6436
-6974
-8555
-9276
-7138
-1977
4109
8310
9263
7955
6603
6597
7408
7419
5819
3714
3335
6007
10765
14918
16125
14174
10896
8383
7169
6029
3524
-253
-3431
-3919
-1383
2225
4110
2824
-728
-4309
-6402
-7398
-8875
-11709
-14880
-16155
-14092
-9515
-5064
-3161
-4167
-6341
-7566
-7216
-6470
-6838
-8374
-9311
-7552
-2664
3466
7992
9305
8147
6699
6531
7326
7500
6063
3908
3231
5559
10199
14565
16166
14508
11260
8595
7270
6209
3893
190
-3175
-4032
-1777
1854
4049
3120
-280
-3964
-6243
-7291
-8640
-11334
-14572
-16168
-14490
-10085
-5473
-3215
-3950
-6111
-7513
-7308
-6519
-6720
-8186
-9310
-7923
-3334
2800
7630
9314
8337
6813
6478
7235
7557
6296
4122
3168
5143
9629
14174
16161
14820
11634
8826
7376
6371
4242
638
-2886
-4102
-2153
1463
3945
3382
165
-3599
-6067
-7189
-8424
-10968
-14243
-16137
-14850
-10652
-5915
-3310
-3751
-5868
-7437
-7393
-6583
-6620
-7994
-9274
-8250
-3983
2116
7224
9286
8520
6945
6442
7138
7592
6516
4352
3147
4762
9060
13748
16111
15108
12014
9077
7488
6517
4569
1086
-2565
-4128
-2505
1056
3799
3608
603
-3215
-5871
-7088
-8228
-10613
-13895
-16062
-15171
-11212
-6386
-3448
-3576
-5617
-7338
-7466
-6659
-6541
-7801
-9207
-8533
-4606
1418
6776
9220
8692
7093
6423
7038
7605
6720
4595
3163
4418
8496
13290
16014
15367
12397
9348
7609
6649
4875
1531
-2215
-4109
-2830
638
3612
3796
1031
-2814
-5655
-6987
-8050
-10272
-13533
-15945
-15449
-11761
-6884
-3628
-3426
-5361
-7216
-7526
-6745
-6481
-7612
-9112
-8770
-5200
711
6288
9113
8851
7255
6422
6937
7597
6905
4846
3217
4114
7943
12804
15872
15595
12780
9638
7742
6770
5157
1969
-1841
-4048
-3125
213
3387
3943
1445
-2398
-5417
-6882
-7888
-9947
-13160
-15789
-15683
-12293
-7404
-3850
-3306
-5103
-7071
-7571
-6838
-6441
-7429
-8992
-8963
-5762
