0.025
0.030
0.033
0.034
0.032
0.027
0.020
0.012
0.005
-0.002
-0.006
-0.009
-0.011
-0.010
-0.007
-0.002
0.003
0.009
0.014
0.017
0.018
0.018
0.015
0.011
0.006
-0.000
-0.006
-0.011
-0.015
-0.017
-0.018
-0.017
-0.014
-0.011
-0.007
-0.004
-0.001
0.001
0.002
0.002
0.000
-0.003
-0.006
-0.011
-0.015
-0.018
-0.020
-0.021
-0.021
-0.021
-0.020
-0.020
-0.019
-0.019
-0.018
-0.017
-0.017
-0.017
-0.017
-0.016
-0.014
-0.011
-0.008
-0.005
-0.003
-0.002
-0.002
-0.004
-0.006
-0.009
-0.011
-0.013
-0.015
-0.017
-0.016
-0.014
-0.009
-0.004
0.002
0.008
0.014
0.020
0.025
0.027
0.027
0.025
0.020
0.014
0.008
0.003
0.001
0.000
0.002
0.007
0.013
0.021
0.032
0.045
0.059
0.070
0.076
0.072
0.062
0.048
0.035
0.024
0.013
0.001
-0.009
-0.017
-0.020
-0.018
-0.011
-0.002
0.007
0.015
0.021
0.025
0.028
0.028
0.024
0.018
0.010
0.001
-0.007
-0.014
-0.019
-0.022
-0.022
-0.021
-0.018
-0.015
-0.010
-0.006
-0.001
0.001
0.002
-0.000
-0.004
-0.008
-0.012
-0.016
-0.019
-0.021
-0.023
-0.023
-0.023
-0.022
-0.020
-0.018
-0.016
-0.014
-0.014
-0.013
-0.013
-0.012
-0.010
-0.009
-0.007
-0.005
-0.004
-0.003
-0.002
-0.002
-0.002
-0.004
-0.005
-0.008
-0.010
-0.012
-0.014
-0.014
-0.013
-0.012
-0.009
-0.004
0.001
0.006
0.011
0.015
0.018
0.018
0.017
0.015
0.011
0.007
0.003
-0.001
-0.004
-0.006
-0.005
-0.002
0.002
0.009
0.017
0.025
0.031
0.035
0.035
0.033
0.030
0.025
0.019
0.013
0.006
0.000
-0.004
-0.007
-0.007
-0.005
-0.002
0.003
0.007
0.011
0.013
0.015
0.016
0.015
0.013
0.010
0.005
0.001
-0.003
-0.006
-0.008
-0.009
-0.009
-0.008
-0.007
-0.004
-0.001
0.001
0.002
0.002
0.001
-0.000
-0.002
-0.004
-0.006
-0.009
-0.011
-0.012
-0.012
-0.011
-0.011
-0.010
-0.009
-0.008
-0.007
-0.007
-0.006
-0.006
-0.007
-0.008
-0.008
-0.008
-0.007
-0.007
-0.006
-0.006
-0.006
-0.006
-0.006
-0.006
-0.006
-0.007
-0.007
-0.008
-0.009
-0.009
-0.008
-0.007
-0.006
-0.004
-0.003
-0.002
-0.000
0.002
0.003
0.003
0.002
0.001
0.000
-0.000
-0.001
-0.001
-0.002
-0.002
-0.002
-0.001
0.002
0.005
0.008
0.010
0.011
0.011
0.011
0.010
0.009
0.008
0.008
0.007
0.005
0.004
0.004
0.004
0.005
0.007
0.008
0.008
0.009
0.009
0.009
0.009
0.009
0.009
0.008
0.008
0.007
0.006
0.006
0.005
0.005
0.004
0.004
0.003
0.003
0.002
0.002
0.001
0.000
-0.000
-0.001
-0.002
-0.003
-0.004
-0.004
-0.004
-0.004
-0.004
-0.004
-0.004
-0.004
-0.003
-0.003
-0.003
-0.003
-0.003
-0.004
-0.005
-0.005
-0.006
-0.006
-0.007
-0.007
-0.008
-0.008
-0.009
-0.009
-0.009
-0.009
-0.009
-0.009
-0.008
-0.008
-0.007
-0.007
-0.007
-0.007
-0.007
-0.006
-0.006
-0.006
-0.005
-0.005
-0.005
-0.004
-0.003
-0.003
-0.002
-0.002
-0.002
-0.002
-0.002
-0.001
-0.001
-0.000
0.000
0.001
0.002
0.002
0.003
0.003
0.003
0.004
0.004
0.005
0.005
0.006
0.006
0.007
0.009
0.011
0.013
0.014
0.015
0.015
0.016
0.016
0.015
0.015
0.014
0.012
0.011
0.010
0.010
0.009
0.009
0.008
0.007
0.007
0.007
0.007
0.007
0.007
0.006
0.006
0.005
0.004
0.003
0.001
-0.000
-0.002
-0.003
-0.004
-0.004
-0.005
-0.005
-0.005
-0.005
-0.005
-0.004
-0.003
-0.002
-0.002
-0.001
-0.002
-0.002
-0.003
-0.004
-0.004
-0.005
-0.007
-0.009
-0.010
-0.011
-0.011
-0.011
-0.011
-0.010
-0.009
-0.009
-0.007
-0.006
-0.005
-0.003
-0.003
-0.002
-0.003
-0.003
-0.004
-0.005
-0.005
-0.006
-0.006
-0.005
-0.005
-0.004
-0.003
-0.002
-0.002
-0.001
0.000
0.001
0.002
0.003
0.003
0.003
0.002
0.002
0.002
0.001
0.001
0.001
0.001
0.001
0.002
0.002
0.003
0.005
0.008
0.010
0.012
0.014
0.014
0.014
0.014
0.013
0.012
0.011
0.010
0.009
0.007
0.005
0.004
0.002
0.001
0.001
0.001
0.001
0.001
0.001
0.002
0.002
0.002
0.002
0.002
0.001
0.001
-0.000
-0.001
-0.002
-0.003
-0.004
-0.005
-0.005
-0.005
-0.005
-0.004
-0.004
-0.003
-0.002
-0.002
-0.002
-0.002
-0.001
-0.001
-0.001
-0.002
-0.003
-0.004
-0.004
-0.004
-0.005
-0.005
-0.005
-0.005
-0.005
-0.004
-0.003
-0.001
-0.000
0.001
0.001
0.002
0.001
0.001
0.001
0.000
-0.000
-0.001
-0.002
-0.002
-0.003
-0.003
-0.003
-0.003
-0.003
-0.002
-0.001
-0.000
0.001
0.001
0.001
0.001
0.001
0.001
0.000
-0.001
-0.002
-0.003
-0.005
-0.006
-0.006
-0.006
-0.004
-0.003
-0.001
0.000
0.001
0.001
0.002
0.002
0.002
0.002
0.002
0.001
0.000
-0.000
-0.001
-0.001
-0.001
-0.001
-0.001
-0.001
-0.001
-0.000
-0.000
0.000
0.000
0.000
0.000
0.000
0.000
0.000
0.000
0.000
0.000
0.000
0.000
0.000
0.000
0.000
0.000
0.000
0.000
0.000
0.000
0.000
0.000
0.000
0.000
0.000
0.000
0.000
0.000
0.000
0.000
0.000
0.000
0.000
0.000
0.000
0.000
0.000
0.000
0.000
0.000
0.000
0.000
0.000
0.000
0.000
0.000
0.000
0.000
0.000
0.000
0.000
0.000
0.000
0.000
0.000
0.000
0.000
0.000
0.000
0.000
0.000
0.000
0.000
0.000
0.000
0.000
0.000
0.000
0.000
0.000
0.000
0.000
0.000
0.000
0.000
0.000
0.000
0.000
0.000
0.000
0.000
0.000
0.000
