-0.055114746
-0.03225708
-0.0262146
-0.13772583
-0.176300049
-0.143676758
-0.129547119
-0.102111816
-0.15637207
-0.223999023
-0.201019287
-0.149627686
-0.06262207
0.014648438
0.07925415
0.144439697
0.142028809
0.181243896
0.212921143
0.340759277
0.282745361
-0.002471924
-0.130065918
-0.187103271
0.004272461
0.230712891
0.282836914
0.188812256
0.010375977
-0.110076904
-0.074768066
-0.050140381
-0.000213623
-0.053344727
-0.104644775
-0.088592529
-0.071563721
-0.049163818
-0.066650391
-0.171295166
-0.154296875
-0.139038086
-0.118103027
-0.112091064
-0.185211182
-0.223388672
-0.188262939
-0.135284424
-0.035980225
0.036407471
0.135620117
0.161621094
0.148254395
0.186035156
0.23348999
0.384521484
0.224731445
-0.037384033
-0.165039063
-0.185516357
0.068786621
0.267456055
0.283935547
0.160766602
-0.040710449
-0.1199646
-0.077850342
-0.047912598
0.001556396
-0.077484131
-0.107666016
-0.097930908
-0.079345703
-0.077453613
-0.124908447
-0.147857666
-0.113220215
-0.112945557
-0.107635498
-0.168670654
-0.232299805
-0.228820801
-0.1796875
-0.093902588
0.004486084
0.096557617
0.170166016
0.149108887
0.172546387
0.186523438
0.300048828
0.393280029
0.117095947
-0.087005615
-0.212738037
-0.138336182
0.166046143
0.303283691
0.276916504
0.105499268
-0.100799561
-0.119567871
-0.090515137
-0.035766602
-0.014892578
-0.100219727
-0.100524902
-0.091278076
-0.082977295
-0.073272705
-0.146697998
-0.157806396
-0.121368408
-0.127929688
-0.113677979
-0.183929443
-0.232269287
-0.217010498
-0.162872314
-0.067565918
0.048339844
0.133789063
0.190979004
0.143981934
0.183776855
0.218048096
0.397888184
0.317749023
0.0105896
-0.155212402
-0.243347168
-0.024780273
0.254821777
0.325134277
0.238922119
0.012756348
-0.138641357
-0.115875244
-0.086883545
-0.011413574
-0.05368042
-0.105987549
-0.086669922
-0.089263916
-0.070648193
-0.111694336
-0.158050537
-0.141571045
-0.126220703
-0.121917725
-0.128204346
-0.205230713
-0.234954834
-0.216156006
-0.14364624
-0.030975342
0.088256836
0.176086426
0.182739258
0.158081055
0.174072266
0.247192383
0.424194336
0.221374512
-0.029937744
-0.197296143
-0.208648682
0.075073242
0.292816162
0.324798584
0.185638428
-0.054077148
-0.133972168
-0.11239624
-0.059082031
0.000427246
-0.079406738
-0.093200684
-0.090576172
-0.090789795
-0.070587158
-0.126708984
-0.131591797
-0.110839844
-0.138458252
-0.133300781
-0.185974121
-0.221343994
-0.217376709
-0.194854736
-0.101531982
0.001800537
0.109924316
0.191223145
0.155944824
0.183166504
0.201202393
0.353057861
0.406463623
0.088806152
-0.114257813
-0.264923096
-0.124481201
0.205200195
0.349273682
0.307617188
0.098052979
-0.125793457
-0.132751465
-0.107330322
-0.019348145
-0.012756348
-0.090789795
-0.082336426
-0.07824707
-0.070495605
-0.067993164
-0.176483154
-0.167541504
-0.135162354
-0.119995117
-0.091339111
-0.175109863
-0.246002197
-0.23626709
-0.184295654
-0.049926758
0.063659668
0.152252197
0.190917969
0.149719238
0.199584961
0.253936768
0.42477417
0.280273438
-0.029998779
-0.203338623
-0.242523193
0.030700684
0.300933838
0.355377197
0.228240967
-0.024688721
-0.150970459
-0.122344971
-0.068572998
0.008422852
-0.050537109
-0.098876953
-0.074768066
-0.076965332
-0.065246582
-0.120452881
-0.170440674
-0.123565674
-0.08972168
-0.08682251
-0.162353516
-0.251953125
-0.271850586
-0.204345703
-0.111480713
0.007324219
0.090393066
0.171051025
0.155456543
0.163116455
0.194244385
0.315429688
0.419128418
0.153533936
-0.076019287
-0.237854004
-0.166046143
0.144714355
0.327575684
0.323272705
0.144989014
-0.090209961
-0.13394165
-0.108062744
-0.032043457
-0.002105713
-0.080718994
-0.091827393
-0.070648193
-0.063964844
-0.047515869
-0.153411865
-0.20904541
-0.147247314
-0.119293213
-0.067260742
-0.125610352
-0.23135376
-0.246246338
-0.211639404
-0.101715088
0.034881592
0.114593506
0.201721191
0.156738281
0.178192139
0.223083496
0.383026123
0.3487854
0.04397583
-0.156616211
-0.25302124
-0.0496521
0.246398926
0.351379395
0.268249512
0.036346436
-0.13659668
-0.126708984
-0.079071045
0.005828857
-0.02947998
-0.098571777
-0.094604492
-0.074157715
-0.049713135
-0.098449707
-0.176055908
-0.157745361
-0.136260986
-0.102905273
-0.115753174
-0.190551758
-0.230804443
-0.218688965
-0.152954102
-0.05368042
0.044342041
0.149047852
0.17980957
0.169342041
0.203887939
0.264862061
0.42477417
0.223052979
-0.035797119
-0.198364258
-0.209381104
0.077606201
0.302001953
0.330718994
0.19821167
-0.052185059
-0.13848877
-0.114074707
-0.050415039
0.014404297
-0.061035156
-0.097198486
-0.087036133
-0.080749512
-0.068817139
-0.146148682
-0.16293335
-0.117584229
-0.096160889
-0.092437744
-0.162536621
-0.244598389
-0.245147705
-0.198272705
-0.103942871
-0.001495361
0.081085205
0.167236328
0.16027832
0.18661499
0.216552734
0.324737549
0.40133667
0.114929199
-0.088409424
-0.226776123
-0.134857178
0.169891357
0.323394775
0.303466797
0.126403809
-0.100402832
-0.132263184
-0.11126709
-0.033691406
-0.013061523
-0.08795166
-0.091674805
-0.077270508
-0.06161499
-0.080657959
-0.189361572
-0.203582764
-0.152008057
-0.110076904
-0.081268311
-0.148162842
-0.225311279
-0.235656738
-0.191192627
-0.08404541
0.030639648
0.138092041
0.196014404
0.186126709
0.214080811
0.246643066
0.394836426
0.236633301
-0.024749756
-0.186462402
-0.206817627
0.052978516
0.280059814
0.325805664
0.206787109
-0.032623291
-0.139251709
-0.125610352
-0.071533203
0.000671387
-0.057769775
-0.094268799
-0.089385986
-0.08001709
-0.082336426
-0.145812988
-0.202911377
-0.160461426
-0.117797852
-0.083251953
-0.119384766
-0.20489502
-0.242523193
-0.209320068
-0.128143311
-0.000244141
0.09664917
0.177185059
0.171142578
0.195587158
0.223144531
0.344482422
0.369750977
0.080841064
-0.122406006
-0.233428955
-0.084716797
0.204223633
0.32409668
0.271881104
0.069671631
-0.118286133
-0.126983643
-0.095245361
-0.020172119
-0.026824951
-0.104248047
-0.097106934
-0.093261719
-0.055023193
-0.11428833
-0.19833374
-0.185028076
-0.150939941
-0.090423584
-0.089630127
-0.174926758
-0.226867676
-0.237548828
-0.173431396
-0.062438965
0.035003662
0.143249512
0.18951416
0.185638428
0.225097656
0.264343262
0.415039063
0.229888916
-0.046569824
-0.187835693
-0.199005127
0.070373535
0.294921875
0.315216064
0.192474365
-0.040466309
-0.140106201
-0.112487793
-0.067352295
-0.000976563
-0.067352295
-0.107910156
-0.094085693
-0.089172363
