-12.351707  0.000000
4.032042  -2.453091
1.834234  0.977124
-4.680375  -0.137679
-0.667509  -1.665458
1.663942  1.955851
1.505349  -0.990326
1.849791  2.148768
2.517240  -0.694095
0.494570  2.524379
-6.842248  -0.689672
-14.014552  -2.799008
-16.416030  1.498435
-21.899491  -0.359170
-20.783263  -2.697967
-22.896466  1.423965
-20.792115  -1.150299
-18.951809  2.457208
-20.085745  0.766076
-13.825405  -2.535593
-14.292326  0.626339
-20.564036  -1.817660
-22.876908  2.402819
-25.860396  0.282749
-22.177265  -2.573084
-22.785835  0.000000
-22.177265  2.573084
-25.860396  -0.282749
-22.876908  -2.402819
-20.564036  1.817660
-14.292326  -0.626339
-13.825405  2.535593
-20.085745  -0.766076
-18.951809  -2.457208
-20.792115  1.150299
-22.896466  -1.423965
-20.783263  2.697967
-21.899491  0.359170
-16.416030  -1.498435
-14.014552  2.799008
-6.842248  0.689672
0.494570  -2.524379
2.517240  0.694095
1.849791  -2.148768
1.505349  0.990326
1.663942  -1.955851
-0.667509  1.665458
-4.680375  0.137679
1.834234  -0.977124
4.032042  2.453091
